/*--------------------------------*- C++ -*----------------------------------*\
  =========                 |
  \\      /  F ield         | OpenFOAM: The Open Source CFD Toolbox
   \\    /   O peration     | Website:  https://openfoam.org
    \\  /    A nd           | Version:  10
     \\/     M anipulation  |
\*---------------------------------------------------------------------------*/
FoamFile
{
    format      ascii;
    class       vectorField;
    location    "constant/polyMesh";
    object      points;
}
// * * * * * * * * * * * * * * * * * * * * * * * * * * * * * * * * * * * * * //


2562
(
(0 0 0)
(0.01 0 0)
(0 0.003458502795 0)
(0.01 0.003458502795 0)
(0 0.007045506414 0)
(0.01 0.007045506414 0)
(0 0.01076578531 0)
(0.01 0.01076578531 0)
(0 0.01462429134 0)
(0.01 0.01462429134 0)
(0 0.01862616033 0)
(0.01 0.01862616033 0)
(0 0.02277671894 0)
(0.01 0.02277671894 0)
(0 0.02708149174 0)
(0.01 0.02708149174 0)
(0 0.03154620856 0)
(0.01 0.03154620856 0)
(0 0.03617681214 0)
(0.01 0.03617681214 0)
(0 0.04097946599 0)
(0.01 0.04097946599 0)
(0 0.04596056267 0)
(0.01 0.04596056267 0)
(0 0.05112673221 0)
(0.01 0.05112673221 0)
(0 0.05648485101 0)
(0.01 0.05648485101 0)
(0 0.06204205096 0)
(0.01 0.06204205096 0)
(0 0.06780572891 0)
(0.01 0.06780572891 0)
(0 0.07378355658 0)
(0.01 0.07378355658 0)
(0 0.0799834907 0)
(0.01 0.0799834907 0)
(0 0.08641378364 0)
(0.01 0.08641378364 0)
(0 0.09308299441 0)
(0.01 0.09308299441 0)
(0 0.1 0)
(0.01 0.1 0)
(0 0 0.004602645226)
(0.01 0 0.004602645226)
(0 0.003458502795 0.004602645226)
(0.01 0.003458502795 0.004602645226)
(0 0.007045506414 0.004602645226)
(0.01 0.007045506414 0.004602645226)
(0 0.01076578531 0.004602645226)
(0.01 0.01076578531 0.004602645226)
(0 0.01462429134 0.004602645226)
(0.01 0.01462429134 0.004602645226)
(0 0.01862616033 0.004602645226)
(0.01 0.01862616033 0.004602645226)
(0 0.02277671894 0.004602645226)
(0.01 0.02277671894 0.004602645226)
(0 0.02708149174 0.004602645226)
(0.01 0.02708149174 0.004602645226)
(0 0.03154620856 0.004602645226)
(0.01 0.03154620856 0.004602645226)
(0 0.03617681214 0.004602645226)
(0.01 0.03617681214 0.004602645226)
(0 0.04097946599 0.004602645226)
(0.01 0.04097946599 0.004602645226)
(0 0.04596056267 0.004602645226)
(0.01 0.04596056267 0.004602645226)
(0 0.05112673221 0.004602645226)
(0.01 0.05112673221 0.004602645226)
(0 0.05648485101 0.004602645226)
(0.01 0.05648485101 0.004602645226)
(0 0.06204205096 0.004602645226)
(0.01 0.06204205096 0.004602645226)
(0 0.06780572891 0.004602645226)
(0.01 0.06780572891 0.004602645226)
(0 0.07378355658 0.004602645226)
(0.01 0.07378355658 0.004602645226)
(0 0.0799834907 0.004602645226)
(0.01 0.0799834907 0.004602645226)
(0 0.08641378364 0.004602645226)
(0.01 0.08641378364 0.004602645226)
(0 0.09308299441 0.004602645226)
(0.01 0.09308299441 0.004602645226)
(0 0.1 0.004602645226)
(0.01 0.1 0.004602645226)
(0 0 0.009371838647)
(0.01 0 0.009371838647)
(0 0.003458502795 0.009371838647)
(0.01 0.003458502795 0.009371838647)
(0 0.007045506414 0.009371838647)
(0.01 0.007045506414 0.009371838647)
(0 0.01076578531 0.009371838647)
(0.01 0.01076578531 0.009371838647)
(0 0.01462429134 0.009371838647)
(0.01 0.01462429134 0.009371838647)
(0 0.01862616033 0.009371838647)
(0.01 0.01862616033 0.009371838647)
(0 0.02277671894 0.009371838647)
(0.01 0.02277671894 0.009371838647)
(0 0.02708149174 0.009371838647)
(0.01 0.02708149174 0.009371838647)
(0 0.03154620856 0.009371838647)
(0.01 0.03154620856 0.009371838647)
(0 0.03617681214 0.009371838647)
(0.01 0.03617681214 0.009371838647)
(0 0.04097946599 0.009371838647)
(0.01 0.04097946599 0.009371838647)
(0 0.04596056267 0.009371838647)
(0.01 0.04596056267 0.009371838647)
(0 0.05112673221 0.009371838647)
(0.01 0.05112673221 0.009371838647)
(0 0.05648485101 0.009371838647)
(0.01 0.05648485101 0.009371838647)
(0 0.06204205096 0.009371838647)
(0.01 0.06204205096 0.009371838647)
(0 0.06780572891 0.009371838647)
(0.01 0.06780572891 0.009371838647)
(0 0.07378355658 0.009371838647)
(0.01 0.07378355658 0.009371838647)
(0 0.0799834907 0.009371838647)
(0.01 0.0799834907 0.009371838647)
(0 0.08641378364 0.009371838647)
(0.01 0.08641378364 0.009371838647)
(0 0.09308299441 0.009371838647)
(0.01 0.09308299441 0.009371838647)
(0 0.1 0.009371838647)
(0.01 0.1 0.009371838647)
(0 0 0.01431360686)
(0.01 0 0.01431360686)
(0 0.003458502795 0.01431360686)
(0.01 0.003458502795 0.01431360686)
(0 0.007045506414 0.01431360686)
(0.01 0.007045506414 0.01431360686)
(0 0.01076578531 0.01431360686)
(0.01 0.01076578531 0.01431360686)
(0 0.01462429134 0.01431360686)
(0.01 0.01462429134 0.01431360686)
(0 0.01862616033 0.01431360686)
(0.01 0.01862616033 0.01431360686)
(0 0.02277671894 0.01431360686)
(0.01 0.02277671894 0.01431360686)
(0 0.02708149174 0.01431360686)
(0.01 0.02708149174 0.01431360686)
(0 0.03154620856 0.01431360686)
(0.01 0.03154620856 0.01431360686)
(0 0.03617681214 0.01431360686)
(0.01 0.03617681214 0.01431360686)
(0 0.04097946599 0.01431360686)
(0.01 0.04097946599 0.01431360686)
(0 0.04596056267 0.01431360686)
(0.01 0.04596056267 0.01431360686)
(0 0.05112673221 0.01431360686)
(0.01 0.05112673221 0.01431360686)
(0 0.05648485101 0.01431360686)
(0.01 0.05648485101 0.01431360686)
(0 0.06204205096 0.01431360686)
(0.01 0.06204205096 0.01431360686)
(0 0.06780572891 0.01431360686)
(0.01 0.06780572891 0.01431360686)
(0 0.07378355658 0.01431360686)
(0.01 0.07378355658 0.01431360686)
(0 0.0799834907 0.01431360686)
(0.01 0.0799834907 0.01431360686)
(0 0.08641378364 0.01431360686)
(0.01 0.08641378364 0.01431360686)
(0 0.09308299441 0.01431360686)
(0.01 0.09308299441 0.01431360686)
(0 0.1 0.01431360686)
(0.01 0.1 0.01431360686)
(0 0 0.01943419455)
(0.01 0 0.01943419455)
(0 0.003458502795 0.01943419455)
(0.01 0.003458502795 0.01943419455)
(0 0.007045506414 0.01943419455)
(0.01 0.007045506414 0.01943419455)
(0 0.01076578531 0.01943419455)
(0.01 0.01076578531 0.01943419455)
(0 0.01462429134 0.01943419455)
(0.01 0.01462429134 0.01943419455)
(0 0.01862616033 0.01943419455)
(0.01 0.01862616033 0.01943419455)
(0 0.02277671894 0.01943419455)
(0.01 0.02277671894 0.01943419455)
(0 0.02708149174 0.01943419455)
(0.01 0.02708149174 0.01943419455)
(0 0.03154620856 0.01943419455)
(0.01 0.03154620856 0.01943419455)
(0 0.03617681214 0.01943419455)
(0.01 0.03617681214 0.01943419455)
(0 0.04097946599 0.01943419455)
(0.01 0.04097946599 0.01943419455)
(0 0.04596056267 0.01943419455)
(0.01 0.04596056267 0.01943419455)
(0 0.05112673221 0.01943419455)
(0.01 0.05112673221 0.01943419455)
(0 0.05648485101 0.01943419455)
(0.01 0.05648485101 0.01943419455)
(0 0.06204205096 0.01943419455)
(0.01 0.06204205096 0.01943419455)
(0 0.06780572891 0.01943419455)
(0.01 0.06780572891 0.01943419455)
(0 0.07378355658 0.01943419455)
(0.01 0.07378355658 0.01943419455)
(0 0.0799834907 0.01943419455)
(0.01 0.0799834907 0.01943419455)
(0 0.08641378364 0.01943419455)
(0.01 0.08641378364 0.01943419455)
(0 0.09308299441 0.01943419455)
(0.01 0.09308299441 0.01943419455)
(0 0.1 0.01943419455)
(0.01 0.1 0.01943419455)
(0 0 0.02474007235)
(0.01 0 0.02474007235)
(0 0.003458502795 0.02474007235)
(0.01 0.003458502795 0.02474007235)
(0 0.007045506414 0.02474007235)
(0.01 0.007045506414 0.02474007235)
(0 0.01076578531 0.02474007235)
(0.01 0.01076578531 0.02474007235)
(0 0.01462429134 0.02474007235)
(0.01 0.01462429134 0.02474007235)
(0 0.01862616033 0.02474007235)
(0.01 0.01862616033 0.02474007235)
(0 0.02277671894 0.02474007235)
(0.01 0.02277671894 0.02474007235)
(0 0.02708149174 0.02474007235)
(0.01 0.02708149174 0.02474007235)
(0 0.03154620856 0.02474007235)
(0.01 0.03154620856 0.02474007235)
(0 0.03617681214 0.02474007235)
(0.01 0.03617681214 0.02474007235)
(0 0.04097946599 0.02474007235)
(0.01 0.04097946599 0.02474007235)
(0 0.04596056267 0.02474007235)
(0.01 0.04596056267 0.02474007235)
(0 0.05112673221 0.02474007235)
(0.01 0.05112673221 0.02474007235)
(0 0.05648485101 0.02474007235)
(0.01 0.05648485101 0.02474007235)
(0 0.06204205096 0.02474007235)
(0.01 0.06204205096 0.02474007235)
(0 0.06780572891 0.02474007235)
(0.01 0.06780572891 0.02474007235)
(0 0.07378355658 0.02474007235)
(0.01 0.07378355658 0.02474007235)
(0 0.0799834907 0.02474007235)
(0.01 0.0799834907 0.02474007235)
(0 0.08641378364 0.02474007235)
(0.01 0.08641378364 0.02474007235)
(0 0.09308299441 0.02474007235)
(0.01 0.09308299441 0.02474007235)
(0 0.1 0.02474007235)
(0.01 0.1 0.02474007235)
(0 0 0.03023794504)
(0.01 0 0.03023794504)
(0 0.003458502795 0.03023794504)
(0.01 0.003458502795 0.03023794504)
(0 0.007045506414 0.03023794504)
(0.01 0.007045506414 0.03023794504)
(0 0.01076578531 0.03023794504)
(0.01 0.01076578531 0.03023794504)
(0 0.01462429134 0.03023794504)
(0.01 0.01462429134 0.03023794504)
(0 0.01862616033 0.03023794504)
(0.01 0.01862616033 0.03023794504)
(0 0.02277671894 0.03023794504)
(0.01 0.02277671894 0.03023794504)
(0 0.02708149174 0.03023794504)
(0.01 0.02708149174 0.03023794504)
(0 0.03154620856 0.03023794504)
(0.01 0.03154620856 0.03023794504)
(0 0.03617681214 0.03023794504)
(0.01 0.03617681214 0.03023794504)
(0 0.04097946599 0.03023794504)
(0.01 0.04097946599 0.03023794504)
(0 0.04596056267 0.03023794504)
(0.01 0.04596056267 0.03023794504)
(0 0.05112673221 0.03023794504)
(0.01 0.05112673221 0.03023794504)
(0 0.05648485101 0.03023794504)
(0.01 0.05648485101 0.03023794504)
(0 0.06204205096 0.03023794504)
(0.01 0.06204205096 0.03023794504)
(0 0.06780572891 0.03023794504)
(0.01 0.06780572891 0.03023794504)
(0 0.07378355658 0.03023794504)
(0.01 0.07378355658 0.03023794504)
(0 0.0799834907 0.03023794504)
(0.01 0.0799834907 0.03023794504)
(0 0.08641378364 0.03023794504)
(0.01 0.08641378364 0.03023794504)
(0 0.09308299441 0.03023794504)
(0.01 0.09308299441 0.03023794504)
(0 0.1 0.03023794504)
(0.01 0.1 0.03023794504)
(0 0 0.03593476002)
(0.01 0 0.03593476002)
(0 0.003458502795 0.03593476002)
(0.01 0.003458502795 0.03593476002)
(0 0.007045506414 0.03593476002)
(0.01 0.007045506414 0.03593476002)
(0 0.01076578531 0.03593476002)
(0.01 0.01076578531 0.03593476002)
(0 0.01462429134 0.03593476002)
(0.01 0.01462429134 0.03593476002)
(0 0.01862616033 0.03593476002)
(0.01 0.01862616033 0.03593476002)
(0 0.02277671894 0.03593476002)
(0.01 0.02277671894 0.03593476002)
(0 0.02708149174 0.03593476002)
(0.01 0.02708149174 0.03593476002)
(0 0.03154620856 0.03593476002)
(0.01 0.03154620856 0.03593476002)
(0 0.03617681214 0.03593476002)
(0.01 0.03617681214 0.03593476002)
(0 0.04097946599 0.03593476002)
(0.01 0.04097946599 0.03593476002)
(0 0.04596056267 0.03593476002)
(0.01 0.04596056267 0.03593476002)
(0 0.05112673221 0.03593476002)
(0.01 0.05112673221 0.03593476002)
(0 0.05648485101 0.03593476002)
(0.01 0.05648485101 0.03593476002)
(0 0.06204205096 0.03593476002)
(0.01 0.06204205096 0.03593476002)
(0 0.06780572891 0.03593476002)
(0.01 0.06780572891 0.03593476002)
(0 0.07378355658 0.03593476002)
(0.01 0.07378355658 0.03593476002)
(0 0.0799834907 0.03593476002)
(0.01 0.0799834907 0.03593476002)
(0 0.08641378364 0.03593476002)
(0.01 0.08641378364 0.03593476002)
(0 0.09308299441 0.03593476002)
(0.01 0.09308299441 0.03593476002)
(0 0.1 0.03593476002)
(0.01 0.1 0.03593476002)
(0 0 0.04183771607)
(0.01 0 0.04183771607)
(0 0.003458502795 0.04183771607)
(0.01 0.003458502795 0.04183771607)
(0 0.007045506414 0.04183771607)
(0.01 0.007045506414 0.04183771607)
(0 0.01076578531 0.04183771607)
(0.01 0.01076578531 0.04183771607)
(0 0.01462429134 0.04183771607)
(0.01 0.01462429134 0.04183771607)
(0 0.01862616033 0.04183771607)
(0.01 0.01862616033 0.04183771607)
(0 0.02277671894 0.04183771607)
(0.01 0.02277671894 0.04183771607)
(0 0.02708149174 0.04183771607)
(0.01 0.02708149174 0.04183771607)
(0 0.03154620856 0.04183771607)
(0.01 0.03154620856 0.04183771607)
(0 0.03617681214 0.04183771607)
(0.01 0.03617681214 0.04183771607)
(0 0.04097946599 0.04183771607)
(0.01 0.04097946599 0.04183771607)
(0 0.04596056267 0.04183771607)
(0.01 0.04596056267 0.04183771607)
(0 0.05112673221 0.04183771607)
(0.01 0.05112673221 0.04183771607)
(0 0.05648485101 0.04183771607)
(0.01 0.05648485101 0.04183771607)
(0 0.06204205096 0.04183771607)
(0.01 0.06204205096 0.04183771607)
(0 0.06780572891 0.04183771607)
(0.01 0.06780572891 0.04183771607)
(0 0.07378355658 0.04183771607)
(0.01 0.07378355658 0.04183771607)
(0 0.0799834907 0.04183771607)
(0.01 0.0799834907 0.04183771607)
(0 0.08641378364 0.04183771607)
(0.01 0.08641378364 0.04183771607)
(0 0.09308299441 0.04183771607)
(0.01 0.09308299441 0.04183771607)
(0 0.1 0.04183771607)
(0.01 0.1 0.04183771607)
(0 0 0.04795427249)
(0.01 0 0.04795427249)
(0 0.003458502795 0.04795427249)
(0.01 0.003458502795 0.04795427249)
(0 0.007045506414 0.04795427249)
(0.01 0.007045506414 0.04795427249)
(0 0.01076578531 0.04795427249)
(0.01 0.01076578531 0.04795427249)
(0 0.01462429134 0.04795427249)
(0.01 0.01462429134 0.04795427249)
(0 0.01862616033 0.04795427249)
(0.01 0.01862616033 0.04795427249)
(0 0.02277671894 0.04795427249)
(0.01 0.02277671894 0.04795427249)
(0 0.02708149174 0.04795427249)
(0.01 0.02708149174 0.04795427249)
(0 0.03154620856 0.04795427249)
(0.01 0.03154620856 0.04795427249)
(0 0.03617681214 0.04795427249)
(0.01 0.03617681214 0.04795427249)
(0 0.04097946599 0.04795427249)
(0.01 0.04097946599 0.04795427249)
(0 0.04596056267 0.04795427249)
(0.01 0.04596056267 0.04795427249)
(0 0.05112673221 0.04795427249)
(0.01 0.05112673221 0.04795427249)
(0 0.05648485101 0.04795427249)
(0.01 0.05648485101 0.04795427249)
(0 0.06204205096 0.04795427249)
(0.01 0.06204205096 0.04795427249)
(0 0.06780572891 0.04795427249)
(0.01 0.06780572891 0.04795427249)
(0 0.07378355658 0.04795427249)
(0.01 0.07378355658 0.04795427249)
(0 0.0799834907 0.04795427249)
(0.01 0.0799834907 0.04795427249)
(0 0.08641378364 0.04795427249)
(0.01 0.08641378364 0.04795427249)
(0 0.09308299441 0.04795427249)
(0.01 0.09308299441 0.04795427249)
(0 0.1 0.04795427249)
(0.01 0.1 0.04795427249)
(0 0 0.05429215847)
(0.01 0 0.05429215847)
(0 0.003458502795 0.05429215847)
(0.01 0.003458502795 0.05429215847)
(0 0.007045506414 0.05429215847)
(0.01 0.007045506414 0.05429215847)
(0 0.01076578531 0.05429215847)
(0.01 0.01076578531 0.05429215847)
(0 0.01462429134 0.05429215847)
(0.01 0.01462429134 0.05429215847)
(0 0.01862616033 0.05429215847)
(0.01 0.01862616033 0.05429215847)
(0 0.02277671894 0.05429215847)
(0.01 0.02277671894 0.05429215847)
(0 0.02708149174 0.05429215847)
(0.01 0.02708149174 0.05429215847)
(0 0.03154620856 0.05429215847)
(0.01 0.03154620856 0.05429215847)
(0 0.03617681214 0.05429215847)
(0.01 0.03617681214 0.05429215847)
(0 0.04097946599 0.05429215847)
(0.01 0.04097946599 0.05429215847)
(0 0.04596056267 0.05429215847)
(0.01 0.04596056267 0.05429215847)
(0 0.05112673221 0.05429215847)
(0.01 0.05112673221 0.05429215847)
(0 0.05648485101 0.05429215847)
(0.01 0.05648485101 0.05429215847)
(0 0.06204205096 0.05429215847)
(0.01 0.06204205096 0.05429215847)
(0 0.06780572891 0.05429215847)
(0.01 0.06780572891 0.05429215847)
(0 0.07378355658 0.05429215847)
(0.01 0.07378355658 0.05429215847)
(0 0.0799834907 0.05429215847)
(0.01 0.0799834907 0.05429215847)
(0 0.08641378364 0.05429215847)
(0.01 0.08641378364 0.05429215847)
(0 0.09308299441 0.05429215847)
(0.01 0.09308299441 0.05429215847)
(0 0.1 0.05429215847)
(0.01 0.1 0.05429215847)
(0 0 0.06085938288)
(0.01 0 0.06085938288)
(0 0.003458502795 0.06085938288)
(0.01 0.003458502795 0.06085938288)
(0 0.007045506414 0.06085938288)
(0.01 0.007045506414 0.06085938288)
(0 0.01076578531 0.06085938288)
(0.01 0.01076578531 0.06085938288)
(0 0.01462429134 0.06085938288)
(0.01 0.01462429134 0.06085938288)
(0 0.01862616033 0.06085938288)
(0.01 0.01862616033 0.06085938288)
(0 0.02277671894 0.06085938288)
(0.01 0.02277671894 0.06085938288)
(0 0.02708149174 0.06085938288)
(0.01 0.02708149174 0.06085938288)
(0 0.03154620856 0.06085938288)
(0.01 0.03154620856 0.06085938288)
(0 0.03617681214 0.06085938288)
(0.01 0.03617681214 0.06085938288)
(0 0.04097946599 0.06085938288)
(0.01 0.04097946599 0.06085938288)
(0 0.04596056267 0.06085938288)
(0.01 0.04596056267 0.06085938288)
(0 0.05112673221 0.06085938288)
(0.01 0.05112673221 0.06085938288)
(0 0.05648485101 0.06085938288)
(0.01 0.05648485101 0.06085938288)
(0 0.06204205096 0.06085938288)
(0.01 0.06204205096 0.06085938288)
(0 0.06780572891 0.06085938288)
(0.01 0.06780572891 0.06085938288)
(0 0.07378355658 0.06085938288)
(0.01 0.07378355658 0.06085938288)
(0 0.0799834907 0.06085938288)
(0.01 0.0799834907 0.06085938288)
(0 0.08641378364 0.06085938288)
(0.01 0.08641378364 0.06085938288)
(0 0.09308299441 0.06085938288)
(0.01 0.09308299441 0.06085938288)
(0 0.1 0.06085938288)
(0.01 0.1 0.06085938288)
(0 0 0.06766424442)
(0.01 0 0.06766424442)
(0 0.003458502795 0.06766424442)
(0.01 0.003458502795 0.06766424442)
(0 0.007045506414 0.06766424442)
(0.01 0.007045506414 0.06766424442)
(0 0.01076578531 0.06766424442)
(0.01 0.01076578531 0.06766424442)
(0 0.01462429134 0.06766424442)
(0.01 0.01462429134 0.06766424442)
(0 0.01862616033 0.06766424442)
(0.01 0.01862616033 0.06766424442)
(0 0.02277671894 0.06766424442)
(0.01 0.02277671894 0.06766424442)
(0 0.02708149174 0.06766424442)
(0.01 0.02708149174 0.06766424442)
(0 0.03154620856 0.06766424442)
(0.01 0.03154620856 0.06766424442)
(0 0.03617681214 0.06766424442)
(0.01 0.03617681214 0.06766424442)
(0 0.04097946599 0.06766424442)
(0.01 0.04097946599 0.06766424442)
(0 0.04596056267 0.06766424442)
(0.01 0.04596056267 0.06766424442)
(0 0.05112673221 0.06766424442)
(0.01 0.05112673221 0.06766424442)
(0 0.05648485101 0.06766424442)
(0.01 0.05648485101 0.06766424442)
(0 0.06204205096 0.06766424442)
(0.01 0.06204205096 0.06766424442)
(0 0.06780572891 0.06766424442)
(0.01 0.06780572891 0.06766424442)
(0 0.07378355658 0.06766424442)
(0.01 0.07378355658 0.06766424442)
(0 0.0799834907 0.06766424442)
(0.01 0.0799834907 0.06766424442)
(0 0.08641378364 0.06766424442)
(0.01 0.08641378364 0.06766424442)
(0 0.09308299441 0.06766424442)
(0.01 0.09308299441 0.06766424442)
(0 0.1 0.06766424442)
(0.01 0.1 0.06766424442)
(0 0 0.07471534207)
(0.01 0 0.07471534207)
(0 0.003458502795 0.07471534207)
(0.01 0.003458502795 0.07471534207)
(0 0.007045506414 0.07471534207)
(0.01 0.007045506414 0.07471534207)
(0 0.01076578531 0.07471534207)
(0.01 0.01076578531 0.07471534207)
(0 0.01462429134 0.07471534207)
(0.01 0.01462429134 0.07471534207)
(0 0.01862616033 0.07471534207)
(0.01 0.01862616033 0.07471534207)
(0 0.02277671894 0.07471534207)
(0.01 0.02277671894 0.07471534207)
(0 0.02708149174 0.07471534207)
(0.01 0.02708149174 0.07471534207)
(0 0.03154620856 0.07471534207)
(0.01 0.03154620856 0.07471534207)
(0 0.03617681214 0.07471534207)
(0.01 0.03617681214 0.07471534207)
(0 0.04097946599 0.07471534207)
(0.01 0.04097946599 0.07471534207)
(0 0.04596056267 0.07471534207)
(0.01 0.04596056267 0.07471534207)
(0 0.05112673221 0.07471534207)
(0.01 0.05112673221 0.07471534207)
(0 0.05648485101 0.07471534207)
(0.01 0.05648485101 0.07471534207)
(0 0.06204205096 0.07471534207)
(0.01 0.06204205096 0.07471534207)
(0 0.06780572891 0.07471534207)
(0.01 0.06780572891 0.07471534207)
(0 0.07378355658 0.07471534207)
(0.01 0.07378355658 0.07471534207)
(0 0.0799834907 0.07471534207)
(0.01 0.0799834907 0.07471534207)
(0 0.08641378364 0.07471534207)
(0.01 0.08641378364 0.07471534207)
(0 0.09308299441 0.07471534207)
(0.01 0.09308299441 0.07471534207)
(0 0.1 0.07471534207)
(0.01 0.1 0.07471534207)
(0 0 0.08202158594)
(0.01 0 0.08202158594)
(0 0.003458502795 0.08202158594)
(0.01 0.003458502795 0.08202158594)
(0 0.007045506414 0.08202158594)
(0.01 0.007045506414 0.08202158594)
(0 0.01076578531 0.08202158594)
(0.01 0.01076578531 0.08202158594)
(0 0.01462429134 0.08202158594)
(0.01 0.01462429134 0.08202158594)
(0 0.01862616033 0.08202158594)
(0.01 0.01862616033 0.08202158594)
(0 0.02277671894 0.08202158594)
(0.01 0.02277671894 0.08202158594)
(0 0.02708149174 0.08202158594)
(0.01 0.02708149174 0.08202158594)
(0 0.03154620856 0.08202158594)
(0.01 0.03154620856 0.08202158594)
(0 0.03617681214 0.08202158594)
(0.01 0.03617681214 0.08202158594)
(0 0.04097946599 0.08202158594)
(0.01 0.04097946599 0.08202158594)
(0 0.04596056267 0.08202158594)
(0.01 0.04596056267 0.08202158594)
(0 0.05112673221 0.08202158594)
(0.01 0.05112673221 0.08202158594)
(0 0.05648485101 0.08202158594)
(0.01 0.05648485101 0.08202158594)
(0 0.06204205096 0.08202158594)
(0.01 0.06204205096 0.08202158594)
(0 0.06780572891 0.08202158594)
(0.01 0.06780572891 0.08202158594)
(0 0.07378355658 0.08202158594)
(0.01 0.07378355658 0.08202158594)
(0 0.0799834907 0.08202158594)
(0.01 0.0799834907 0.08202158594)
(0 0.08641378364 0.08202158594)
(0.01 0.08641378364 0.08202158594)
(0 0.09308299441 0.08202158594)
(0.01 0.09308299441 0.08202158594)
(0 0.1 0.08202158594)
(0.01 0.1 0.08202158594)
(0 0 0.08959220859)
(0.01 0 0.08959220859)
(0 0.003458502795 0.08959220859)
(0.01 0.003458502795 0.08959220859)
(0 0.007045506414 0.08959220859)
(0.01 0.007045506414 0.08959220859)
(0 0.01076578531 0.08959220859)
(0.01 0.01076578531 0.08959220859)
(0 0.01462429134 0.08959220859)
(0.01 0.01462429134 0.08959220859)
(0 0.01862616033 0.08959220859)
(0.01 0.01862616033 0.08959220859)
(0 0.02277671894 0.08959220859)
(0.01 0.02277671894 0.08959220859)
(0 0.02708149174 0.08959220859)
(0.01 0.02708149174 0.08959220859)
(0 0.03154620856 0.08959220859)
(0.01 0.03154620856 0.08959220859)
(0 0.03617681214 0.08959220859)
(0.01 0.03617681214 0.08959220859)
(0 0.04097946599 0.08959220859)
(0.01 0.04097946599 0.08959220859)
(0 0.04596056267 0.08959220859)
(0.01 0.04596056267 0.08959220859)
(0 0.05112673221 0.08959220859)
(0.01 0.05112673221 0.08959220859)
(0 0.05648485101 0.08959220859)
(0.01 0.05648485101 0.08959220859)
(0 0.06204205096 0.08959220859)
(0.01 0.06204205096 0.08959220859)
(0 0.06780572891 0.08959220859)
(0.01 0.06780572891 0.08959220859)
(0 0.07378355658 0.08959220859)
(0.01 0.07378355658 0.08959220859)
(0 0.0799834907 0.08959220859)
(0.01 0.0799834907 0.08959220859)
(0 0.08641378364 0.08959220859)
(0.01 0.08641378364 0.08959220859)
(0 0.09308299441 0.08959220859)
(0.01 0.09308299441 0.08959220859)
(0 0.1 0.08959220859)
(0.01 0.1 0.08959220859)
(0 0 0.09743677666)
(0.01 0 0.09743677666)
(0 0.003458502795 0.09743677666)
(0.01 0.003458502795 0.09743677666)
(0 0.007045506414 0.09743677666)
(0.01 0.007045506414 0.09743677666)
(0 0.01076578531 0.09743677666)
(0.01 0.01076578531 0.09743677666)
(0 0.01462429134 0.09743677666)
(0.01 0.01462429134 0.09743677666)
(0 0.01862616033 0.09743677666)
(0.01 0.01862616033 0.09743677666)
(0 0.02277671894 0.09743677666)
(0.01 0.02277671894 0.09743677666)
(0 0.02708149174 0.09743677666)
(0.01 0.02708149174 0.09743677666)
(0 0.03154620856 0.09743677666)
(0.01 0.03154620856 0.09743677666)
(0 0.03617681214 0.09743677666)
(0.01 0.03617681214 0.09743677666)
(0 0.04097946599 0.09743677666)
(0.01 0.04097946599 0.09743677666)
(0 0.04596056267 0.09743677666)
(0.01 0.04596056267 0.09743677666)
(0 0.05112673221 0.09743677666)
(0.01 0.05112673221 0.09743677666)
(0 0.05648485101 0.09743677666)
(0.01 0.05648485101 0.09743677666)
(0 0.06204205096 0.09743677666)
(0.01 0.06204205096 0.09743677666)
(0 0.06780572891 0.09743677666)
(0.01 0.06780572891 0.09743677666)
(0 0.07378355658 0.09743677666)
(0.01 0.07378355658 0.09743677666)
(0 0.0799834907 0.09743677666)
(0.01 0.0799834907 0.09743677666)
(0 0.08641378364 0.09743677666)
(0.01 0.08641378364 0.09743677666)
(0 0.09308299441 0.09743677666)
(0.01 0.09308299441 0.09743677666)
(0 0.1 0.09743677666)
(0.01 0.1 0.09743677666)
(0 0 0.1055652029)
(0.01 0 0.1055652029)
(0 0.003458502795 0.1055652029)
(0.01 0.003458502795 0.1055652029)
(0 0.007045506414 0.1055652029)
(0.01 0.007045506414 0.1055652029)
(0 0.01076578531 0.1055652029)
(0.01 0.01076578531 0.1055652029)
(0 0.01462429134 0.1055652029)
(0.01 0.01462429134 0.1055652029)
(0 0.01862616033 0.1055652029)
(0.01 0.01862616033 0.1055652029)
(0 0.02277671894 0.1055652029)
(0.01 0.02277671894 0.1055652029)
(0 0.02708149174 0.1055652029)
(0.01 0.02708149174 0.1055652029)
(0 0.03154620856 0.1055652029)
(0.01 0.03154620856 0.1055652029)
(0 0.03617681214 0.1055652029)
(0.01 0.03617681214 0.1055652029)
(0 0.04097946599 0.1055652029)
(0.01 0.04097946599 0.1055652029)
(0 0.04596056267 0.1055652029)
(0.01 0.04596056267 0.1055652029)
(0 0.05112673221 0.1055652029)
(0.01 0.05112673221 0.1055652029)
(0 0.05648485101 0.1055652029)
(0.01 0.05648485101 0.1055652029)
(0 0.06204205096 0.1055652029)
(0.01 0.06204205096 0.1055652029)
(0 0.06780572891 0.1055652029)
(0.01 0.06780572891 0.1055652029)
(0 0.07378355658 0.1055652029)
(0.01 0.07378355658 0.1055652029)
(0 0.0799834907 0.1055652029)
(0.01 0.0799834907 0.1055652029)
(0 0.08641378364 0.1055652029)
(0.01 0.08641378364 0.1055652029)
(0 0.09308299441 0.1055652029)
(0.01 0.09308299441 0.1055652029)
(0 0.1 0.1055652029)
(0.01 0.1 0.1055652029)
(0 0 0.1139877589)
(0.01 0 0.1139877589)
(0 0.003458502795 0.1139877589)
(0.01 0.003458502795 0.1139877589)
(0 0.007045506414 0.1139877589)
(0.01 0.007045506414 0.1139877589)
(0 0.01076578531 0.1139877589)
(0.01 0.01076578531 0.1139877589)
(0 0.01462429134 0.1139877589)
(0.01 0.01462429134 0.1139877589)
(0 0.01862616033 0.1139877589)
(0.01 0.01862616033 0.1139877589)
(0 0.02277671894 0.1139877589)
(0.01 0.02277671894 0.1139877589)
(0 0.02708149174 0.1139877589)
(0.01 0.02708149174 0.1139877589)
(0 0.03154620856 0.1139877589)
(0.01 0.03154620856 0.1139877589)
(0 0.03617681214 0.1139877589)
(0.01 0.03617681214 0.1139877589)
(0 0.04097946599 0.1139877589)
(0.01 0.04097946599 0.1139877589)
(0 0.04596056267 0.1139877589)
(0.01 0.04596056267 0.1139877589)
(0 0.05112673221 0.1139877589)
(0.01 0.05112673221 0.1139877589)
(0 0.05648485101 0.1139877589)
(0.01 0.05648485101 0.1139877589)
(0 0.06204205096 0.1139877589)
(0.01 0.06204205096 0.1139877589)
(0 0.06780572891 0.1139877589)
(0.01 0.06780572891 0.1139877589)
(0 0.07378355658 0.1139877589)
(0.01 0.07378355658 0.1139877589)
(0 0.0799834907 0.1139877589)
(0.01 0.0799834907 0.1139877589)
(0 0.08641378364 0.1139877589)
(0.01 0.08641378364 0.1139877589)
(0 0.09308299441 0.1139877589)
(0.01 0.09308299441 0.1139877589)
(0 0.1 0.1139877589)
(0.01 0.1 0.1139877589)
(0 0 0.1227150878)
(0.01 0 0.1227150878)
(0 0.003458502795 0.1227150878)
(0.01 0.003458502795 0.1227150878)
(0 0.007045506414 0.1227150878)
(0.01 0.007045506414 0.1227150878)
(0 0.01076578531 0.1227150878)
(0.01 0.01076578531 0.1227150878)
(0 0.01462429134 0.1227150878)
(0.01 0.01462429134 0.1227150878)
(0 0.01862616033 0.1227150878)
(0.01 0.01862616033 0.1227150878)
(0 0.02277671894 0.1227150878)
(0.01 0.02277671894 0.1227150878)
(0 0.02708149174 0.1227150878)
(0.01 0.02708149174 0.1227150878)
(0 0.03154620856 0.1227150878)
(0.01 0.03154620856 0.1227150878)
(0 0.03617681214 0.1227150878)
(0.01 0.03617681214 0.1227150878)
(0 0.04097946599 0.1227150878)
(0.01 0.04097946599 0.1227150878)
(0 0.04596056267 0.1227150878)
(0.01 0.04596056267 0.1227150878)
(0 0.05112673221 0.1227150878)
(0.01 0.05112673221 0.1227150878)
(0 0.05648485101 0.1227150878)
(0.01 0.05648485101 0.1227150878)
(0 0.06204205096 0.1227150878)
(0.01 0.06204205096 0.1227150878)
(0 0.06780572891 0.1227150878)
(0.01 0.06780572891 0.1227150878)
(0 0.07378355658 0.1227150878)
(0.01 0.07378355658 0.1227150878)
(0 0.0799834907 0.1227150878)
(0.01 0.0799834907 0.1227150878)
(0 0.08641378364 0.1227150878)
(0.01 0.08641378364 0.1227150878)
(0 0.09308299441 0.1227150878)
(0.01 0.09308299441 0.1227150878)
(0 0.1 0.1227150878)
(0.01 0.1 0.1227150878)
(0 0 0.1317582179)
(0.01 0 0.1317582179)
(0 0.003458502795 0.1317582179)
(0.01 0.003458502795 0.1317582179)
(0 0.007045506414 0.1317582179)
(0.01 0.007045506414 0.1317582179)
(0 0.01076578531 0.1317582179)
(0.01 0.01076578531 0.1317582179)
(0 0.01462429134 0.1317582179)
(0.01 0.01462429134 0.1317582179)
(0 0.01862616033 0.1317582179)
(0.01 0.01862616033 0.1317582179)
(0 0.02277671894 0.1317582179)
(0.01 0.02277671894 0.1317582179)
(0 0.02708149174 0.1317582179)
(0.01 0.02708149174 0.1317582179)
(0 0.03154620856 0.1317582179)
(0.01 0.03154620856 0.1317582179)
(0 0.03617681214 0.1317582179)
(0.01 0.03617681214 0.1317582179)
(0 0.04097946599 0.1317582179)
(0.01 0.04097946599 0.1317582179)
(0 0.04596056267 0.1317582179)
(0.01 0.04596056267 0.1317582179)
(0 0.05112673221 0.1317582179)
(0.01 0.05112673221 0.1317582179)
(0 0.05648485101 0.1317582179)
(0.01 0.05648485101 0.1317582179)
(0 0.06204205096 0.1317582179)
(0.01 0.06204205096 0.1317582179)
(0 0.06780572891 0.1317582179)
(0.01 0.06780572891 0.1317582179)
(0 0.07378355658 0.1317582179)
(0.01 0.07378355658 0.1317582179)
(0 0.0799834907 0.1317582179)
(0.01 0.0799834907 0.1317582179)
(0 0.08641378364 0.1317582179)
(0.01 0.08641378364 0.1317582179)
(0 0.09308299441 0.1317582179)
(0.01 0.09308299441 0.1317582179)
(0 0.1 0.1317582179)
(0.01 0.1 0.1317582179)
(0 0 0.1411285766)
(0.01 0 0.1411285766)
(0 0.003458502795 0.1411285766)
(0.01 0.003458502795 0.1411285766)
(0 0.007045506414 0.1411285766)
(0.01 0.007045506414 0.1411285766)
(0 0.01076578531 0.1411285766)
(0.01 0.01076578531 0.1411285766)
(0 0.01462429134 0.1411285766)
(0.01 0.01462429134 0.1411285766)
(0 0.01862616033 0.1411285766)
(0.01 0.01862616033 0.1411285766)
(0 0.02277671894 0.1411285766)
(0.01 0.02277671894 0.1411285766)
(0 0.02708149174 0.1411285766)
(0.01 0.02708149174 0.1411285766)
(0 0.03154620856 0.1411285766)
(0.01 0.03154620856 0.1411285766)
(0 0.03617681214 0.1411285766)
(0.01 0.03617681214 0.1411285766)
(0 0.04097946599 0.1411285766)
(0.01 0.04097946599 0.1411285766)
(0 0.04596056267 0.1411285766)
(0.01 0.04596056267 0.1411285766)
(0 0.05112673221 0.1411285766)
(0.01 0.05112673221 0.1411285766)
(0 0.05648485101 0.1411285766)
(0.01 0.05648485101 0.1411285766)
(0 0.06204205096 0.1411285766)
(0.01 0.06204205096 0.1411285766)
(0 0.06780572891 0.1411285766)
(0.01 0.06780572891 0.1411285766)
(0 0.07378355658 0.1411285766)
(0.01 0.07378355658 0.1411285766)
(0 0.0799834907 0.1411285766)
(0.01 0.0799834907 0.1411285766)
(0 0.08641378364 0.1411285766)
(0.01 0.08641378364 0.1411285766)
(0 0.09308299441 0.1411285766)
(0.01 0.09308299441 0.1411285766)
(0 0.1 0.1411285766)
(0.01 0.1 0.1411285766)
(0 0 0.1508380047)
(0.01 0 0.1508380047)
(0 0.003458502795 0.1508380047)
(0.01 0.003458502795 0.1508380047)
(0 0.007045506414 0.1508380047)
(0.01 0.007045506414 0.1508380047)
(0 0.01076578531 0.1508380047)
(0.01 0.01076578531 0.1508380047)
(0 0.01462429134 0.1508380047)
(0.01 0.01462429134 0.1508380047)
(0 0.01862616033 0.1508380047)
(0.01 0.01862616033 0.1508380047)
(0 0.02277671894 0.1508380047)
(0.01 0.02277671894 0.1508380047)
(0 0.02708149174 0.1508380047)
(0.01 0.02708149174 0.1508380047)
(0 0.03154620856 0.1508380047)
(0.01 0.03154620856 0.1508380047)
(0 0.03617681214 0.1508380047)
(0.01 0.03617681214 0.1508380047)
(0 0.04097946599 0.1508380047)
(0.01 0.04097946599 0.1508380047)
(0 0.04596056267 0.1508380047)
(0.01 0.04596056267 0.1508380047)
(0 0.05112673221 0.1508380047)
(0.01 0.05112673221 0.1508380047)
(0 0.05648485101 0.1508380047)
(0.01 0.05648485101 0.1508380047)
(0 0.06204205096 0.1508380047)
(0.01 0.06204205096 0.1508380047)
(0 0.06780572891 0.1508380047)
(0.01 0.06780572891 0.1508380047)
(0 0.07378355658 0.1508380047)
(0.01 0.07378355658 0.1508380047)
(0 0.0799834907 0.1508380047)
(0.01 0.0799834907 0.1508380047)
(0 0.08641378364 0.1508380047)
(0.01 0.08641378364 0.1508380047)
(0 0.09308299441 0.1508380047)
(0.01 0.09308299441 0.1508380047)
(0 0.1 0.1508380047)
(0.01 0.1 0.1508380047)
(0 0 0.1608987715)
(0.01 0 0.1608987715)
(0 0.003458502795 0.1608987715)
(0.01 0.003458502795 0.1608987715)
(0 0.007045506414 0.1608987715)
(0.01 0.007045506414 0.1608987715)
(0 0.01076578531 0.1608987715)
(0.01 0.01076578531 0.1608987715)
(0 0.01462429134 0.1608987715)
(0.01 0.01462429134 0.1608987715)
(0 0.01862616033 0.1608987715)
(0.01 0.01862616033 0.1608987715)
(0 0.02277671894 0.1608987715)
(0.01 0.02277671894 0.1608987715)
(0 0.02708149174 0.1608987715)
(0.01 0.02708149174 0.1608987715)
(0 0.03154620856 0.1608987715)
(0.01 0.03154620856 0.1608987715)
(0 0.03617681214 0.1608987715)
(0.01 0.03617681214 0.1608987715)
(0 0.04097946599 0.1608987715)
(0.01 0.04097946599 0.1608987715)
(0 0.04596056267 0.1608987715)
(0.01 0.04596056267 0.1608987715)
(0 0.05112673221 0.1608987715)
(0.01 0.05112673221 0.1608987715)
(0 0.05648485101 0.1608987715)
(0.01 0.05648485101 0.1608987715)
(0 0.06204205096 0.1608987715)
(0.01 0.06204205096 0.1608987715)
(0 0.06780572891 0.1608987715)
(0.01 0.06780572891 0.1608987715)
(0 0.07378355658 0.1608987715)
(0.01 0.07378355658 0.1608987715)
(0 0.0799834907 0.1608987715)
(0.01 0.0799834907 0.1608987715)
(0 0.08641378364 0.1608987715)
(0.01 0.08641378364 0.1608987715)
(0 0.09308299441 0.1608987715)
(0.01 0.09308299441 0.1608987715)
(0 0.1 0.1608987715)
(0.01 0.1 0.1608987715)
(0 0 0.1713235905)
(0.01 0 0.1713235905)
(0 0.003458502795 0.1713235905)
(0.01 0.003458502795 0.1713235905)
(0 0.007045506414 0.1713235905)
(0.01 0.007045506414 0.1713235905)
(0 0.01076578531 0.1713235905)
(0.01 0.01076578531 0.1713235905)
(0 0.01462429134 0.1713235905)
(0.01 0.01462429134 0.1713235905)
(0 0.01862616033 0.1713235905)
(0.01 0.01862616033 0.1713235905)
(0 0.02277671894 0.1713235905)
(0.01 0.02277671894 0.1713235905)
(0 0.02708149174 0.1713235905)
(0.01 0.02708149174 0.1713235905)
(0 0.03154620856 0.1713235905)
(0.01 0.03154620856 0.1713235905)
(0 0.03617681214 0.1713235905)
(0.01 0.03617681214 0.1713235905)
(0 0.04097946599 0.1713235905)
(0.01 0.04097946599 0.1713235905)
(0 0.04596056267 0.1713235905)
(0.01 0.04596056267 0.1713235905)
(0 0.05112673221 0.1713235905)
(0.01 0.05112673221 0.1713235905)
(0 0.05648485101 0.1713235905)
(0.01 0.05648485101 0.1713235905)
(0 0.06204205096 0.1713235905)
(0.01 0.06204205096 0.1713235905)
(0 0.06780572891 0.1713235905)
(0.01 0.06780572891 0.1713235905)
(0 0.07378355658 0.1713235905)
(0.01 0.07378355658 0.1713235905)
(0 0.0799834907 0.1713235905)
(0.01 0.0799834907 0.1713235905)
(0 0.08641378364 0.1713235905)
(0.01 0.08641378364 0.1713235905)
(0 0.09308299441 0.1713235905)
(0.01 0.09308299441 0.1713235905)
(0 0.1 0.1713235905)
(0.01 0.1 0.1713235905)
(0 0 0.1821256348)
(0.01 0 0.1821256348)
(0 0.003458502795 0.1821256348)
(0.01 0.003458502795 0.1821256348)
(0 0.007045506414 0.1821256348)
(0.01 0.007045506414 0.1821256348)
(0 0.01076578531 0.1821256348)
(0.01 0.01076578531 0.1821256348)
(0 0.01462429134 0.1821256348)
(0.01 0.01462429134 0.1821256348)
(0 0.01862616033 0.1821256348)
(0.01 0.01862616033 0.1821256348)
(0 0.02277671894 0.1821256348)
(0.01 0.02277671894 0.1821256348)
(0 0.02708149174 0.1821256348)
(0.01 0.02708149174 0.1821256348)
(0 0.03154620856 0.1821256348)
(0.01 0.03154620856 0.1821256348)
(0 0.03617681214 0.1821256348)
(0.01 0.03617681214 0.1821256348)
(0 0.04097946599 0.1821256348)
(0.01 0.04097946599 0.1821256348)
(0 0.04596056267 0.1821256348)
(0.01 0.04596056267 0.1821256348)
(0 0.05112673221 0.1821256348)
(0.01 0.05112673221 0.1821256348)
(0 0.05648485101 0.1821256348)
(0.01 0.05648485101 0.1821256348)
(0 0.06204205096 0.1821256348)
(0.01 0.06204205096 0.1821256348)
(0 0.06780572891 0.1821256348)
(0.01 0.06780572891 0.1821256348)
(0 0.07378355658 0.1821256348)
(0.01 0.07378355658 0.1821256348)
(0 0.0799834907 0.1821256348)
(0.01 0.0799834907 0.1821256348)
(0 0.08641378364 0.1821256348)
(0.01 0.08641378364 0.1821256348)
(0 0.09308299441 0.1821256348)
(0.01 0.09308299441 0.1821256348)
(0 0.1 0.1821256348)
(0.01 0.1 0.1821256348)
(0 0 0.1933185547)
(0.01 0 0.1933185547)
(0 0.003458502795 0.1933185547)
(0.01 0.003458502795 0.1933185547)
(0 0.007045506414 0.1933185547)
(0.01 0.007045506414 0.1933185547)
(0 0.01076578531 0.1933185547)
(0.01 0.01076578531 0.1933185547)
(0 0.01462429134 0.1933185547)
(0.01 0.01462429134 0.1933185547)
(0 0.01862616033 0.1933185547)
(0.01 0.01862616033 0.1933185547)
(0 0.02277671894 0.1933185547)
(0.01 0.02277671894 0.1933185547)
(0 0.02708149174 0.1933185547)
(0.01 0.02708149174 0.1933185547)
(0 0.03154620856 0.1933185547)
(0.01 0.03154620856 0.1933185547)
(0 0.03617681214 0.1933185547)
(0.01 0.03617681214 0.1933185547)
(0 0.04097946599 0.1933185547)
(0.01 0.04097946599 0.1933185547)
(0 0.04596056267 0.1933185547)
(0.01 0.04596056267 0.1933185547)
(0 0.05112673221 0.1933185547)
(0.01 0.05112673221 0.1933185547)
(0 0.05648485101 0.1933185547)
(0.01 0.05648485101 0.1933185547)
(0 0.06204205096 0.1933185547)
(0.01 0.06204205096 0.1933185547)
(0 0.06780572891 0.1933185547)
(0.01 0.06780572891 0.1933185547)
(0 0.07378355658 0.1933185547)
(0.01 0.07378355658 0.1933185547)
(0 0.0799834907 0.1933185547)
(0.01 0.0799834907 0.1933185547)
(0 0.08641378364 0.1933185547)
(0.01 0.08641378364 0.1933185547)
(0 0.09308299441 0.1933185547)
(0.01 0.09308299441 0.1933185547)
(0 0.1 0.1933185547)
(0.01 0.1 0.1933185547)
(0 0 0.2049164939)
(0.01 0 0.2049164939)
(0 0.003458502795 0.2049164939)
(0.01 0.003458502795 0.2049164939)
(0 0.007045506414 0.2049164939)
(0.01 0.007045506414 0.2049164939)
(0 0.01076578531 0.2049164939)
(0.01 0.01076578531 0.2049164939)
(0 0.01462429134 0.2049164939)
(0.01 0.01462429134 0.2049164939)
(0 0.01862616033 0.2049164939)
(0.01 0.01862616033 0.2049164939)
(0 0.02277671894 0.2049164939)
(0.01 0.02277671894 0.2049164939)
(0 0.02708149174 0.2049164939)
(0.01 0.02708149174 0.2049164939)
(0 0.03154620856 0.2049164939)
(0.01 0.03154620856 0.2049164939)
(0 0.03617681214 0.2049164939)
(0.01 0.03617681214 0.2049164939)
(0 0.04097946599 0.2049164939)
(0.01 0.04097946599 0.2049164939)
(0 0.04596056267 0.2049164939)
(0.01 0.04596056267 0.2049164939)
(0 0.05112673221 0.2049164939)
(0.01 0.05112673221 0.2049164939)
(0 0.05648485101 0.2049164939)
(0.01 0.05648485101 0.2049164939)
(0 0.06204205096 0.2049164939)
(0.01 0.06204205096 0.2049164939)
(0 0.06780572891 0.2049164939)
(0.01 0.06780572891 0.2049164939)
(0 0.07378355658 0.2049164939)
(0.01 0.07378355658 0.2049164939)
(0 0.0799834907 0.2049164939)
(0.01 0.0799834907 0.2049164939)
(0 0.08641378364 0.2049164939)
(0.01 0.08641378364 0.2049164939)
(0 0.09308299441 0.2049164939)
(0.01 0.09308299441 0.2049164939)
(0 0.1 0.2049164939)
(0.01 0.1 0.2049164939)
(0 0 0.2169341082)
(0.01 0 0.2169341082)
(0 0.003458502795 0.2169341082)
(0.01 0.003458502795 0.2169341082)
(0 0.007045506414 0.2169341082)
(0.01 0.007045506414 0.2169341082)
(0 0.01076578531 0.2169341082)
(0.01 0.01076578531 0.2169341082)
(0 0.01462429134 0.2169341082)
(0.01 0.01462429134 0.2169341082)
(0 0.01862616033 0.2169341082)
(0.01 0.01862616033 0.2169341082)
(0 0.02277671894 0.2169341082)
(0.01 0.02277671894 0.2169341082)
(0 0.02708149174 0.2169341082)
(0.01 0.02708149174 0.2169341082)
(0 0.03154620856 0.2169341082)
(0.01 0.03154620856 0.2169341082)
(0 0.03617681214 0.2169341082)
(0.01 0.03617681214 0.2169341082)
(0 0.04097946599 0.2169341082)
(0.01 0.04097946599 0.2169341082)
(0 0.04596056267 0.2169341082)
(0.01 0.04596056267 0.2169341082)
(0 0.05112673221 0.2169341082)
(0.01 0.05112673221 0.2169341082)
(0 0.05648485101 0.2169341082)
(0.01 0.05648485101 0.2169341082)
(0 0.06204205096 0.2169341082)
(0.01 0.06204205096 0.2169341082)
(0 0.06780572891 0.2169341082)
(0.01 0.06780572891 0.2169341082)
(0 0.07378355658 0.2169341082)
(0.01 0.07378355658 0.2169341082)
(0 0.0799834907 0.2169341082)
(0.01 0.0799834907 0.2169341082)
(0 0.08641378364 0.2169341082)
(0.01 0.08641378364 0.2169341082)
(0 0.09308299441 0.2169341082)
(0.01 0.09308299441 0.2169341082)
(0 0.1 0.2169341082)
(0.01 0.1 0.2169341082)
(0 0 0.2293865838)
(0.01 0 0.2293865838)
(0 0.003458502795 0.2293865838)
(0.01 0.003458502795 0.2293865838)
(0 0.007045506414 0.2293865838)
(0.01 0.007045506414 0.2293865838)
(0 0.01076578531 0.2293865838)
(0.01 0.01076578531 0.2293865838)
(0 0.01462429134 0.2293865838)
(0.01 0.01462429134 0.2293865838)
(0 0.01862616033 0.2293865838)
(0.01 0.01862616033 0.2293865838)
(0 0.02277671894 0.2293865838)
(0.01 0.02277671894 0.2293865838)
(0 0.02708149174 0.2293865838)
(0.01 0.02708149174 0.2293865838)
(0 0.03154620856 0.2293865838)
(0.01 0.03154620856 0.2293865838)
(0 0.03617681214 0.2293865838)
(0.01 0.03617681214 0.2293865838)
(0 0.04097946599 0.2293865838)
(0.01 0.04097946599 0.2293865838)
(0 0.04596056267 0.2293865838)
(0.01 0.04596056267 0.2293865838)
(0 0.05112673221 0.2293865838)
(0.01 0.05112673221 0.2293865838)
(0 0.05648485101 0.2293865838)
(0.01 0.05648485101 0.2293865838)
(0 0.06204205096 0.2293865838)
(0.01 0.06204205096 0.2293865838)
(0 0.06780572891 0.2293865838)
(0.01 0.06780572891 0.2293865838)
(0 0.07378355658 0.2293865838)
(0.01 0.07378355658 0.2293865838)
(0 0.0799834907 0.2293865838)
(0.01 0.0799834907 0.2293865838)
(0 0.08641378364 0.2293865838)
(0.01 0.08641378364 0.2293865838)
(0 0.09308299441 0.2293865838)
(0.01 0.09308299441 0.2293865838)
(0 0.1 0.2293865838)
(0.01 0.1 0.2293865838)
(0 0 0.2422896563)
(0.01 0 0.2422896563)
(0 0.003458502795 0.2422896563)
(0.01 0.003458502795 0.2422896563)
(0 0.007045506414 0.2422896563)
(0.01 0.007045506414 0.2422896563)
(0 0.01076578531 0.2422896563)
(0.01 0.01076578531 0.2422896563)
(0 0.01462429134 0.2422896563)
(0.01 0.01462429134 0.2422896563)
(0 0.01862616033 0.2422896563)
(0.01 0.01862616033 0.2422896563)
(0 0.02277671894 0.2422896563)
(0.01 0.02277671894 0.2422896563)
(0 0.02708149174 0.2422896563)
(0.01 0.02708149174 0.2422896563)
(0 0.03154620856 0.2422896563)
(0.01 0.03154620856 0.2422896563)
(0 0.03617681214 0.2422896563)
(0.01 0.03617681214 0.2422896563)
(0 0.04097946599 0.2422896563)
(0.01 0.04097946599 0.2422896563)
(0 0.04596056267 0.2422896563)
(0.01 0.04596056267 0.2422896563)
(0 0.05112673221 0.2422896563)
(0.01 0.05112673221 0.2422896563)
(0 0.05648485101 0.2422896563)
(0.01 0.05648485101 0.2422896563)
(0 0.06204205096 0.2422896563)
(0.01 0.06204205096 0.2422896563)
(0 0.06780572891 0.2422896563)
(0.01 0.06780572891 0.2422896563)
(0 0.07378355658 0.2422896563)
(0.01 0.07378355658 0.2422896563)
(0 0.0799834907 0.2422896563)
(0.01 0.0799834907 0.2422896563)
(0 0.08641378364 0.2422896563)
(0.01 0.08641378364 0.2422896563)
(0 0.09308299441 0.2422896563)
(0.01 0.09308299441 0.2422896563)
(0 0.1 0.2422896563)
(0.01 0.1 0.2422896563)
(0 0 0.2556596305)
(0.01 0 0.2556596305)
(0 0.003458502795 0.2556596305)
(0.01 0.003458502795 0.2556596305)
(0 0.007045506414 0.2556596305)
(0.01 0.007045506414 0.2556596305)
(0 0.01076578531 0.2556596305)
(0.01 0.01076578531 0.2556596305)
(0 0.01462429134 0.2556596305)
(0.01 0.01462429134 0.2556596305)
(0 0.01862616033 0.2556596305)
(0.01 0.01862616033 0.2556596305)
(0 0.02277671894 0.2556596305)
(0.01 0.02277671894 0.2556596305)
(0 0.02708149174 0.2556596305)
(0.01 0.02708149174 0.2556596305)
(0 0.03154620856 0.2556596305)
(0.01 0.03154620856 0.2556596305)
(0 0.03617681214 0.2556596305)
(0.01 0.03617681214 0.2556596305)
(0 0.04097946599 0.2556596305)
(0.01 0.04097946599 0.2556596305)
(0 0.04596056267 0.2556596305)
(0.01 0.04596056267 0.2556596305)
(0 0.05112673221 0.2556596305)
(0.01 0.05112673221 0.2556596305)
(0 0.05648485101 0.2556596305)
(0.01 0.05648485101 0.2556596305)
(0 0.06204205096 0.2556596305)
(0.01 0.06204205096 0.2556596305)
(0 0.06780572891 0.2556596305)
(0.01 0.06780572891 0.2556596305)
(0 0.07378355658 0.2556596305)
(0.01 0.07378355658 0.2556596305)
(0 0.0799834907 0.2556596305)
(0.01 0.0799834907 0.2556596305)
(0 0.08641378364 0.2556596305)
(0.01 0.08641378364 0.2556596305)
(0 0.09308299441 0.2556596305)
(0.01 0.09308299441 0.2556596305)
(0 0.1 0.2556596305)
(0.01 0.1 0.2556596305)
(0 0 0.2695134016)
(0.01 0 0.2695134016)
(0 0.003458502795 0.2695134016)
(0.01 0.003458502795 0.2695134016)
(0 0.007045506414 0.2695134016)
(0.01 0.007045506414 0.2695134016)
(0 0.01076578531 0.2695134016)
(0.01 0.01076578531 0.2695134016)
(0 0.01462429134 0.2695134016)
(0.01 0.01462429134 0.2695134016)
(0 0.01862616033 0.2695134016)
(0.01 0.01862616033 0.2695134016)
(0 0.02277671894 0.2695134016)
(0.01 0.02277671894 0.2695134016)
(0 0.02708149174 0.2695134016)
(0.01 0.02708149174 0.2695134016)
(0 0.03154620856 0.2695134016)
(0.01 0.03154620856 0.2695134016)
(0 0.03617681214 0.2695134016)
(0.01 0.03617681214 0.2695134016)
(0 0.04097946599 0.2695134016)
(0.01 0.04097946599 0.2695134016)
(0 0.04596056267 0.2695134016)
(0.01 0.04596056267 0.2695134016)
(0 0.05112673221 0.2695134016)
(0.01 0.05112673221 0.2695134016)
(0 0.05648485101 0.2695134016)
(0.01 0.05648485101 0.2695134016)
(0 0.06204205096 0.2695134016)
(0.01 0.06204205096 0.2695134016)
(0 0.06780572891 0.2695134016)
(0.01 0.06780572891 0.2695134016)
(0 0.07378355658 0.2695134016)
(0.01 0.07378355658 0.2695134016)
(0 0.0799834907 0.2695134016)
(0.01 0.0799834907 0.2695134016)
(0 0.08641378364 0.2695134016)
(0.01 0.08641378364 0.2695134016)
(0 0.09308299441 0.2695134016)
(0.01 0.09308299441 0.2695134016)
(0 0.1 0.2695134016)
(0.01 0.1 0.2695134016)
(0 0 0.2838684758)
(0.01 0 0.2838684758)
(0 0.003458502795 0.2838684758)
(0.01 0.003458502795 0.2838684758)
(0 0.007045506414 0.2838684758)
(0.01 0.007045506414 0.2838684758)
(0 0.01076578531 0.2838684758)
(0.01 0.01076578531 0.2838684758)
(0 0.01462429134 0.2838684758)
(0.01 0.01462429134 0.2838684758)
(0 0.01862616033 0.2838684758)
(0.01 0.01862616033 0.2838684758)
(0 0.02277671894 0.2838684758)
(0.01 0.02277671894 0.2838684758)
(0 0.02708149174 0.2838684758)
(0.01 0.02708149174 0.2838684758)
(0 0.03154620856 0.2838684758)
(0.01 0.03154620856 0.2838684758)
(0 0.03617681214 0.2838684758)
(0.01 0.03617681214 0.2838684758)
(0 0.04097946599 0.2838684758)
(0.01 0.04097946599 0.2838684758)
(0 0.04596056267 0.2838684758)
(0.01 0.04596056267 0.2838684758)
(0 0.05112673221 0.2838684758)
(0.01 0.05112673221 0.2838684758)
(0 0.05648485101 0.2838684758)
(0.01 0.05648485101 0.2838684758)
(0 0.06204205096 0.2838684758)
(0.01 0.06204205096 0.2838684758)
(0 0.06780572891 0.2838684758)
(0.01 0.06780572891 0.2838684758)
(0 0.07378355658 0.2838684758)
(0.01 0.07378355658 0.2838684758)
(0 0.0799834907 0.2838684758)
(0.01 0.0799834907 0.2838684758)
(0 0.08641378364 0.2838684758)
(0.01 0.08641378364 0.2838684758)
(0 0.09308299441 0.2838684758)
(0.01 0.09308299441 0.2838684758)
(0 0.1 0.2838684758)
(0.01 0.1 0.2838684758)
(0 0 0.298742993)
(0.01 0 0.298742993)
(0 0.003458502795 0.298742993)
(0.01 0.003458502795 0.298742993)
(0 0.007045506414 0.298742993)
(0.01 0.007045506414 0.298742993)
(0 0.01076578531 0.298742993)
(0.01 0.01076578531 0.298742993)
(0 0.01462429134 0.298742993)
(0.01 0.01462429134 0.298742993)
(0 0.01862616033 0.298742993)
(0.01 0.01862616033 0.298742993)
(0 0.02277671894 0.298742993)
(0.01 0.02277671894 0.298742993)
(0 0.02708149174 0.298742993)
(0.01 0.02708149174 0.298742993)
(0 0.03154620856 0.298742993)
(0.01 0.03154620856 0.298742993)
(0 0.03617681214 0.298742993)
(0.01 0.03617681214 0.298742993)
(0 0.04097946599 0.298742993)
(0.01 0.04097946599 0.298742993)
(0 0.04596056267 0.298742993)
(0.01 0.04596056267 0.298742993)
(0 0.05112673221 0.298742993)
(0.01 0.05112673221 0.298742993)
(0 0.05648485101 0.298742993)
(0.01 0.05648485101 0.298742993)
(0 0.06204205096 0.298742993)
(0.01 0.06204205096 0.298742993)
(0 0.06780572891 0.298742993)
(0.01 0.06780572891 0.298742993)
(0 0.07378355658 0.298742993)
(0.01 0.07378355658 0.298742993)
(0 0.0799834907 0.298742993)
(0.01 0.0799834907 0.298742993)
(0 0.08641378364 0.298742993)
(0.01 0.08641378364 0.298742993)
(0 0.09308299441 0.298742993)
(0.01 0.09308299441 0.298742993)
(0 0.1 0.298742993)
(0.01 0.1 0.298742993)
(0 0 0.3141557493)
(0.01 0 0.3141557493)
(0 0.003458502795 0.3141557493)
(0.01 0.003458502795 0.3141557493)
(0 0.007045506414 0.3141557493)
(0.01 0.007045506414 0.3141557493)
(0 0.01076578531 0.3141557493)
(0.01 0.01076578531 0.3141557493)
(0 0.01462429134 0.3141557493)
(0.01 0.01462429134 0.3141557493)
(0 0.01862616033 0.3141557493)
(0.01 0.01862616033 0.3141557493)
(0 0.02277671894 0.3141557493)
(0.01 0.02277671894 0.3141557493)
(0 0.02708149174 0.3141557493)
(0.01 0.02708149174 0.3141557493)
(0 0.03154620856 0.3141557493)
(0.01 0.03154620856 0.3141557493)
(0 0.03617681214 0.3141557493)
(0.01 0.03617681214 0.3141557493)
(0 0.04097946599 0.3141557493)
(0.01 0.04097946599 0.3141557493)
(0 0.04596056267 0.3141557493)
(0.01 0.04596056267 0.3141557493)
(0 0.05112673221 0.3141557493)
(0.01 0.05112673221 0.3141557493)
(0 0.05648485101 0.3141557493)
(0.01 0.05648485101 0.3141557493)
(0 0.06204205096 0.3141557493)
(0.01 0.06204205096 0.3141557493)
(0 0.06780572891 0.3141557493)
(0.01 0.06780572891 0.3141557493)
(0 0.07378355658 0.3141557493)
(0.01 0.07378355658 0.3141557493)
(0 0.0799834907 0.3141557493)
(0.01 0.0799834907 0.3141557493)
(0 0.08641378364 0.3141557493)
(0.01 0.08641378364 0.3141557493)
(0 0.09308299441 0.3141557493)
(0.01 0.09308299441 0.3141557493)
(0 0.1 0.3141557493)
(0.01 0.1 0.3141557493)
(0 0 0.3301262213)
(0.01 0 0.3301262213)
(0 0.003458502795 0.3301262213)
(0.01 0.003458502795 0.3301262213)
(0 0.007045506414 0.3301262213)
(0.01 0.007045506414 0.3301262213)
(0 0.01076578531 0.3301262213)
(0.01 0.01076578531 0.3301262213)
(0 0.01462429134 0.3301262213)
(0.01 0.01462429134 0.3301262213)
(0 0.01862616033 0.3301262213)
(0.01 0.01862616033 0.3301262213)
(0 0.02277671894 0.3301262213)
(0.01 0.02277671894 0.3301262213)
(0 0.02708149174 0.3301262213)
(0.01 0.02708149174 0.3301262213)
(0 0.03154620856 0.3301262213)
(0.01 0.03154620856 0.3301262213)
(0 0.03617681214 0.3301262213)
(0.01 0.03617681214 0.3301262213)
(0 0.04097946599 0.3301262213)
(0.01 0.04097946599 0.3301262213)
(0 0.04596056267 0.3301262213)
(0.01 0.04596056267 0.3301262213)
(0 0.05112673221 0.3301262213)
(0.01 0.05112673221 0.3301262213)
(0 0.05648485101 0.3301262213)
(0.01 0.05648485101 0.3301262213)
(0 0.06204205096 0.3301262213)
(0.01 0.06204205096 0.3301262213)
(0 0.06780572891 0.3301262213)
(0.01 0.06780572891 0.3301262213)
(0 0.07378355658 0.3301262213)
(0.01 0.07378355658 0.3301262213)
(0 0.0799834907 0.3301262213)
(0.01 0.0799834907 0.3301262213)
(0 0.08641378364 0.3301262213)
(0.01 0.08641378364 0.3301262213)
(0 0.09308299441 0.3301262213)
(0.01 0.09308299441 0.3301262213)
(0 0.1 0.3301262213)
(0.01 0.1 0.3301262213)
(0 0 0.3466745898)
(0.01 0 0.3466745898)
(0 0.003458502795 0.3466745898)
(0.01 0.003458502795 0.3466745898)
(0 0.007045506414 0.3466745898)
(0.01 0.007045506414 0.3466745898)
(0 0.01076578531 0.3466745898)
(0.01 0.01076578531 0.3466745898)
(0 0.01462429134 0.3466745898)
(0.01 0.01462429134 0.3466745898)
(0 0.01862616033 0.3466745898)
(0.01 0.01862616033 0.3466745898)
(0 0.02277671894 0.3466745898)
(0.01 0.02277671894 0.3466745898)
(0 0.02708149174 0.3466745898)
(0.01 0.02708149174 0.3466745898)
(0 0.03154620856 0.3466745898)
(0.01 0.03154620856 0.3466745898)
(0 0.03617681214 0.3466745898)
(0.01 0.03617681214 0.3466745898)
(0 0.04097946599 0.3466745898)
(0.01 0.04097946599 0.3466745898)
(0 0.04596056267 0.3466745898)
(0.01 0.04596056267 0.3466745898)
(0 0.05112673221 0.3466745898)
(0.01 0.05112673221 0.3466745898)
(0 0.05648485101 0.3466745898)
(0.01 0.05648485101 0.3466745898)
(0 0.06204205096 0.3466745898)
(0.01 0.06204205096 0.3466745898)
(0 0.06780572891 0.3466745898)
(0.01 0.06780572891 0.3466745898)
(0 0.07378355658 0.3466745898)
(0.01 0.07378355658 0.3466745898)
(0 0.0799834907 0.3466745898)
(0.01 0.0799834907 0.3466745898)
(0 0.08641378364 0.3466745898)
(0.01 0.08641378364 0.3466745898)
(0 0.09308299441 0.3466745898)
(0.01 0.09308299441 0.3466745898)
(0 0.1 0.3466745898)
(0.01 0.1 0.3466745898)
(0 0 0.3638217664)
(0.01 0 0.3638217664)
(0 0.003458502795 0.3638217664)
(0.01 0.003458502795 0.3638217664)
(0 0.007045506414 0.3638217664)
(0.01 0.007045506414 0.3638217664)
(0 0.01076578531 0.3638217664)
(0.01 0.01076578531 0.3638217664)
(0 0.01462429134 0.3638217664)
(0.01 0.01462429134 0.3638217664)
(0 0.01862616033 0.3638217664)
(0.01 0.01862616033 0.3638217664)
(0 0.02277671894 0.3638217664)
(0.01 0.02277671894 0.3638217664)
(0 0.02708149174 0.3638217664)
(0.01 0.02708149174 0.3638217664)
(0 0.03154620856 0.3638217664)
(0.01 0.03154620856 0.3638217664)
(0 0.03617681214 0.3638217664)
(0.01 0.03617681214 0.3638217664)
(0 0.04097946599 0.3638217664)
(0.01 0.04097946599 0.3638217664)
(0 0.04596056267 0.3638217664)
(0.01 0.04596056267 0.3638217664)
(0 0.05112673221 0.3638217664)
(0.01 0.05112673221 0.3638217664)
(0 0.05648485101 0.3638217664)
(0.01 0.05648485101 0.3638217664)
(0 0.06204205096 0.3638217664)
(0.01 0.06204205096 0.3638217664)
(0 0.06780572891 0.3638217664)
(0.01 0.06780572891 0.3638217664)
(0 0.07378355658 0.3638217664)
(0.01 0.07378355658 0.3638217664)
(0 0.0799834907 0.3638217664)
(0.01 0.0799834907 0.3638217664)
(0 0.08641378364 0.3638217664)
(0.01 0.08641378364 0.3638217664)
(0 0.09308299441 0.3638217664)
(0.01 0.09308299441 0.3638217664)
(0 0.1 0.3638217664)
(0.01 0.1 0.3638217664)
(0 0 0.3815894191)
(0.01 0 0.3815894191)
(0 0.003458502795 0.3815894191)
(0.01 0.003458502795 0.3815894191)
(0 0.007045506414 0.3815894191)
(0.01 0.007045506414 0.3815894191)
(0 0.01076578531 0.3815894191)
(0.01 0.01076578531 0.3815894191)
(0 0.01462429134 0.3815894191)
(0.01 0.01462429134 0.3815894191)
(0 0.01862616033 0.3815894191)
(0.01 0.01862616033 0.3815894191)
(0 0.02277671894 0.3815894191)
(0.01 0.02277671894 0.3815894191)
(0 0.02708149174 0.3815894191)
(0.01 0.02708149174 0.3815894191)
(0 0.03154620856 0.3815894191)
(0.01 0.03154620856 0.3815894191)
(0 0.03617681214 0.3815894191)
(0.01 0.03617681214 0.3815894191)
(0 0.04097946599 0.3815894191)
(0.01 0.04097946599 0.3815894191)
(0 0.04596056267 0.3815894191)
(0.01 0.04596056267 0.3815894191)
(0 0.05112673221 0.3815894191)
(0.01 0.05112673221 0.3815894191)
(0 0.05648485101 0.3815894191)
(0.01 0.05648485101 0.3815894191)
(0 0.06204205096 0.3815894191)
(0.01 0.06204205096 0.3815894191)
(0 0.06780572891 0.3815894191)
(0.01 0.06780572891 0.3815894191)
(0 0.07378355658 0.3815894191)
(0.01 0.07378355658 0.3815894191)
(0 0.0799834907 0.3815894191)
(0.01 0.0799834907 0.3815894191)
(0 0.08641378364 0.3815894191)
(0.01 0.08641378364 0.3815894191)
(0 0.09308299441 0.3815894191)
(0.01 0.09308299441 0.3815894191)
(0 0.1 0.3815894191)
(0.01 0.1 0.3815894191)
(0 0 0.4)
(0.01 0 0.4)
(0 0.003458502795 0.4)
(0.01 0.003458502795 0.4)
(0 0.007045506414 0.4)
(0.01 0.007045506414 0.4)
(0 0.01076578531 0.4)
(0.01 0.01076578531 0.4)
(0 0.01462429134 0.4)
(0.01 0.01462429134 0.4)
(0 0.01862616033 0.4)
(0.01 0.01862616033 0.4)
(0 0.02277671894 0.4)
(0.01 0.02277671894 0.4)
(0 0.02708149174 0.4)
(0.01 0.02708149174 0.4)
(0 0.03154620856 0.4)
(0.01 0.03154620856 0.4)
(0 0.03617681214 0.4)
(0.01 0.03617681214 0.4)
(0 0.04097946599 0.4)
(0.01 0.04097946599 0.4)
(0 0.04596056267 0.4)
(0.01 0.04596056267 0.4)
(0 0.05112673221 0.4)
(0.01 0.05112673221 0.4)
(0 0.05648485101 0.4)
(0.01 0.05648485101 0.4)
(0 0.06204205096 0.4)
(0.01 0.06204205096 0.4)
(0 0.06780572891 0.4)
(0.01 0.06780572891 0.4)
(0 0.07378355658 0.4)
(0.01 0.07378355658 0.4)
(0 0.0799834907 0.4)
(0.01 0.0799834907 0.4)
(0 0.08641378364 0.4)
(0.01 0.08641378364 0.4)
(0 0.09308299441 0.4)
(0.01 0.09308299441 0.4)
(0 0.1 0.4)
(0.01 0.1 0.4)
(0 0 -0.1)
(0.01 0 -0.1)
(0 0.003458502795 -0.1)
(0.01 0.003458502795 -0.1)
(0 0.007045506414 -0.1)
(0.01 0.007045506414 -0.1)
(0 0.01076578531 -0.1)
(0.01 0.01076578531 -0.1)
(0 0.01462429134 -0.1)
(0.01 0.01462429134 -0.1)
(0 0.01862616033 -0.1)
(0.01 0.01862616033 -0.1)
(0 0.02277671894 -0.1)
(0.01 0.02277671894 -0.1)
(0 0.02708149174 -0.1)
(0.01 0.02708149174 -0.1)
(0 0.03154620856 -0.1)
(0.01 0.03154620856 -0.1)
(0 0.03617681214 -0.1)
(0.01 0.03617681214 -0.1)
(0 0.04097946599 -0.1)
(0.01 0.04097946599 -0.1)
(0 0.04596056267 -0.1)
(0.01 0.04596056267 -0.1)
(0 0.05112673221 -0.1)
(0.01 0.05112673221 -0.1)
(0 0.05648485101 -0.1)
(0.01 0.05648485101 -0.1)
(0 0.06204205096 -0.1)
(0.01 0.06204205096 -0.1)
(0 0.06780572891 -0.1)
(0.01 0.06780572891 -0.1)
(0 0.07378355658 -0.1)
(0.01 0.07378355658 -0.1)
(0 0.0799834907 -0.1)
(0.01 0.0799834907 -0.1)
(0 0.08641378364 -0.1)
(0.01 0.08641378364 -0.1)
(0 0.09308299441 -0.1)
(0.01 0.09308299441 -0.1)
(0 0.1 -0.1)
(0.01 0.1 -0.1)
(0 0 -0.09308299441)
(0.01 0 -0.09308299441)
(0 0.003458502795 -0.09308299441)
(0.01 0.003458502795 -0.09308299441)
(0 0.007045506414 -0.09308299441)
(0.01 0.007045506414 -0.09308299441)
(0 0.01076578531 -0.09308299441)
(0.01 0.01076578531 -0.09308299441)
(0 0.01462429134 -0.09308299441)
(0.01 0.01462429134 -0.09308299441)
(0 0.01862616033 -0.09308299441)
(0.01 0.01862616033 -0.09308299441)
(0 0.02277671894 -0.09308299441)
(0.01 0.02277671894 -0.09308299441)
(0 0.02708149174 -0.09308299441)
(0.01 0.02708149174 -0.09308299441)
(0 0.03154620856 -0.09308299441)
(0.01 0.03154620856 -0.09308299441)
(0 0.03617681214 -0.09308299441)
(0.01 0.03617681214 -0.09308299441)
(0 0.04097946599 -0.09308299441)
(0.01 0.04097946599 -0.09308299441)
(0 0.04596056267 -0.09308299441)
(0.01 0.04596056267 -0.09308299441)
(0 0.05112673221 -0.09308299441)
(0.01 0.05112673221 -0.09308299441)
(0 0.05648485101 -0.09308299441)
(0.01 0.05648485101 -0.09308299441)
(0 0.06204205096 -0.09308299441)
(0.01 0.06204205096 -0.09308299441)
(0 0.06780572891 -0.09308299441)
(0.01 0.06780572891 -0.09308299441)
(0 0.07378355658 -0.09308299441)
(0.01 0.07378355658 -0.09308299441)
(0 0.0799834907 -0.09308299441)
(0.01 0.0799834907 -0.09308299441)
(0 0.08641378364 -0.09308299441)
(0.01 0.08641378364 -0.09308299441)
(0 0.09308299441 -0.09308299441)
(0.01 0.09308299441 -0.09308299441)
(0 0.1 -0.09308299441)
(0.01 0.1 -0.09308299441)
(0 0 -0.08641378364)
(0.01 0 -0.08641378364)
(0 0.003458502795 -0.08641378364)
(0.01 0.003458502795 -0.08641378364)
(0 0.007045506414 -0.08641378364)
(0.01 0.007045506414 -0.08641378364)
(0 0.01076578531 -0.08641378364)
(0.01 0.01076578531 -0.08641378364)
(0 0.01462429134 -0.08641378364)
(0.01 0.01462429134 -0.08641378364)
(0 0.01862616033 -0.08641378364)
(0.01 0.01862616033 -0.08641378364)
(0 0.02277671894 -0.08641378364)
(0.01 0.02277671894 -0.08641378364)
(0 0.02708149174 -0.08641378364)
(0.01 0.02708149174 -0.08641378364)
(0 0.03154620856 -0.08641378364)
(0.01 0.03154620856 -0.08641378364)
(0 0.03617681214 -0.08641378364)
(0.01 0.03617681214 -0.08641378364)
(0 0.04097946599 -0.08641378364)
(0.01 0.04097946599 -0.08641378364)
(0 0.04596056267 -0.08641378364)
(0.01 0.04596056267 -0.08641378364)
(0 0.05112673221 -0.08641378364)
(0.01 0.05112673221 -0.08641378364)
(0 0.05648485101 -0.08641378364)
(0.01 0.05648485101 -0.08641378364)
(0 0.06204205096 -0.08641378364)
(0.01 0.06204205096 -0.08641378364)
(0 0.06780572891 -0.08641378364)
(0.01 0.06780572891 -0.08641378364)
(0 0.07378355658 -0.08641378364)
(0.01 0.07378355658 -0.08641378364)
(0 0.0799834907 -0.08641378364)
(0.01 0.0799834907 -0.08641378364)
(0 0.08641378364 -0.08641378364)
(0.01 0.08641378364 -0.08641378364)
(0 0.09308299441 -0.08641378364)
(0.01 0.09308299441 -0.08641378364)
(0 0.1 -0.08641378364)
(0.01 0.1 -0.08641378364)
(0 0 -0.0799834907)
(0.01 0 -0.0799834907)
(0 0.003458502795 -0.0799834907)
(0.01 0.003458502795 -0.0799834907)
(0 0.007045506414 -0.0799834907)
(0.01 0.007045506414 -0.0799834907)
(0 0.01076578531 -0.0799834907)
(0.01 0.01076578531 -0.0799834907)
(0 0.01462429134 -0.0799834907)
(0.01 0.01462429134 -0.0799834907)
(0 0.01862616033 -0.0799834907)
(0.01 0.01862616033 -0.0799834907)
(0 0.02277671894 -0.0799834907)
(0.01 0.02277671894 -0.0799834907)
(0 0.02708149174 -0.0799834907)
(0.01 0.02708149174 -0.0799834907)
(0 0.03154620856 -0.0799834907)
(0.01 0.03154620856 -0.0799834907)
(0 0.03617681214 -0.0799834907)
(0.01 0.03617681214 -0.0799834907)
(0 0.04097946599 -0.0799834907)
(0.01 0.04097946599 -0.0799834907)
(0 0.04596056267 -0.0799834907)
(0.01 0.04596056267 -0.0799834907)
(0 0.05112673221 -0.0799834907)
(0.01 0.05112673221 -0.0799834907)
(0 0.05648485101 -0.0799834907)
(0.01 0.05648485101 -0.0799834907)
(0 0.06204205096 -0.0799834907)
(0.01 0.06204205096 -0.0799834907)
(0 0.06780572891 -0.0799834907)
(0.01 0.06780572891 -0.0799834907)
(0 0.07378355658 -0.0799834907)
(0.01 0.07378355658 -0.0799834907)
(0 0.0799834907 -0.0799834907)
(0.01 0.0799834907 -0.0799834907)
(0 0.08641378364 -0.0799834907)
(0.01 0.08641378364 -0.0799834907)
(0 0.09308299441 -0.0799834907)
(0.01 0.09308299441 -0.0799834907)
(0 0.1 -0.0799834907)
(0.01 0.1 -0.0799834907)
(0 0 -0.07378355658)
(0.01 0 -0.07378355658)
(0 0.003458502795 -0.07378355658)
(0.01 0.003458502795 -0.07378355658)
(0 0.007045506414 -0.07378355658)
(0.01 0.007045506414 -0.07378355658)
(0 0.01076578531 -0.07378355658)
(0.01 0.01076578531 -0.07378355658)
(0 0.01462429134 -0.07378355658)
(0.01 0.01462429134 -0.07378355658)
(0 0.01862616033 -0.07378355658)
(0.01 0.01862616033 -0.07378355658)
(0 0.02277671894 -0.07378355658)
(0.01 0.02277671894 -0.07378355658)
(0 0.02708149174 -0.07378355658)
(0.01 0.02708149174 -0.07378355658)
(0 0.03154620856 -0.07378355658)
(0.01 0.03154620856 -0.07378355658)
(0 0.03617681214 -0.07378355658)
(0.01 0.03617681214 -0.07378355658)
(0 0.04097946599 -0.07378355658)
(0.01 0.04097946599 -0.07378355658)
(0 0.04596056267 -0.07378355658)
(0.01 0.04596056267 -0.07378355658)
(0 0.05112673221 -0.07378355658)
(0.01 0.05112673221 -0.07378355658)
(0 0.05648485101 -0.07378355658)
(0.01 0.05648485101 -0.07378355658)
(0 0.06204205096 -0.07378355658)
(0.01 0.06204205096 -0.07378355658)
(0 0.06780572891 -0.07378355658)
(0.01 0.06780572891 -0.07378355658)
(0 0.07378355658 -0.07378355658)
(0.01 0.07378355658 -0.07378355658)
(0 0.0799834907 -0.07378355658)
(0.01 0.0799834907 -0.07378355658)
(0 0.08641378364 -0.07378355658)
(0.01 0.08641378364 -0.07378355658)
(0 0.09308299441 -0.07378355658)
(0.01 0.09308299441 -0.07378355658)
(0 0.1 -0.07378355658)
(0.01 0.1 -0.07378355658)
(0 0 -0.06780572891)
(0.01 0 -0.06780572891)
(0 0.003458502795 -0.06780572891)
(0.01 0.003458502795 -0.06780572891)
(0 0.007045506414 -0.06780572891)
(0.01 0.007045506414 -0.06780572891)
(0 0.01076578531 -0.06780572891)
(0.01 0.01076578531 -0.06780572891)
(0 0.01462429134 -0.06780572891)
(0.01 0.01462429134 -0.06780572891)
(0 0.01862616033 -0.06780572891)
(0.01 0.01862616033 -0.06780572891)
(0 0.02277671894 -0.06780572891)
(0.01 0.02277671894 -0.06780572891)
(0 0.02708149174 -0.06780572891)
(0.01 0.02708149174 -0.06780572891)
(0 0.03154620856 -0.06780572891)
(0.01 0.03154620856 -0.06780572891)
(0 0.03617681214 -0.06780572891)
(0.01 0.03617681214 -0.06780572891)
(0 0.04097946599 -0.06780572891)
(0.01 0.04097946599 -0.06780572891)
(0 0.04596056267 -0.06780572891)
(0.01 0.04596056267 -0.06780572891)
(0 0.05112673221 -0.06780572891)
(0.01 0.05112673221 -0.06780572891)
(0 0.05648485101 -0.06780572891)
(0.01 0.05648485101 -0.06780572891)
(0 0.06204205096 -0.06780572891)
(0.01 0.06204205096 -0.06780572891)
(0 0.06780572891 -0.06780572891)
(0.01 0.06780572891 -0.06780572891)
(0 0.07378355658 -0.06780572891)
(0.01 0.07378355658 -0.06780572891)
(0 0.0799834907 -0.06780572891)
(0.01 0.0799834907 -0.06780572891)
(0 0.08641378364 -0.06780572891)
(0.01 0.08641378364 -0.06780572891)
(0 0.09308299441 -0.06780572891)
(0.01 0.09308299441 -0.06780572891)
(0 0.1 -0.06780572891)
(0.01 0.1 -0.06780572891)
(0 0 -0.06204205096)
(0.01 0 -0.06204205096)
(0 0.003458502795 -0.06204205096)
(0.01 0.003458502795 -0.06204205096)
(0 0.007045506414 -0.06204205096)
(0.01 0.007045506414 -0.06204205096)
(0 0.01076578531 -0.06204205096)
(0.01 0.01076578531 -0.06204205096)
(0 0.01462429134 -0.06204205096)
(0.01 0.01462429134 -0.06204205096)
(0 0.01862616033 -0.06204205096)
(0.01 0.01862616033 -0.06204205096)
(0 0.02277671894 -0.06204205096)
(0.01 0.02277671894 -0.06204205096)
(0 0.02708149174 -0.06204205096)
(0.01 0.02708149174 -0.06204205096)
(0 0.03154620856 -0.06204205096)
(0.01 0.03154620856 -0.06204205096)
(0 0.03617681214 -0.06204205096)
(0.01 0.03617681214 -0.06204205096)
(0 0.04097946599 -0.06204205096)
(0.01 0.04097946599 -0.06204205096)
(0 0.04596056267 -0.06204205096)
(0.01 0.04596056267 -0.06204205096)
(0 0.05112673221 -0.06204205096)
(0.01 0.05112673221 -0.06204205096)
(0 0.05648485101 -0.06204205096)
(0.01 0.05648485101 -0.06204205096)
(0 0.06204205096 -0.06204205096)
(0.01 0.06204205096 -0.06204205096)
(0 0.06780572891 -0.06204205096)
(0.01 0.06780572891 -0.06204205096)
(0 0.07378355658 -0.06204205096)
(0.01 0.07378355658 -0.06204205096)
(0 0.0799834907 -0.06204205096)
(0.01 0.0799834907 -0.06204205096)
(0 0.08641378364 -0.06204205096)
(0.01 0.08641378364 -0.06204205096)
(0 0.09308299441 -0.06204205096)
(0.01 0.09308299441 -0.06204205096)
(0 0.1 -0.06204205096)
(0.01 0.1 -0.06204205096)
(0 0 -0.05648485101)
(0.01 0 -0.05648485101)
(0 0.003458502795 -0.05648485101)
(0.01 0.003458502795 -0.05648485101)
(0 0.007045506414 -0.05648485101)
(0.01 0.007045506414 -0.05648485101)
(0 0.01076578531 -0.05648485101)
(0.01 0.01076578531 -0.05648485101)
(0 0.01462429134 -0.05648485101)
(0.01 0.01462429134 -0.05648485101)
(0 0.01862616033 -0.05648485101)
(0.01 0.01862616033 -0.05648485101)
(0 0.02277671894 -0.05648485101)
(0.01 0.02277671894 -0.05648485101)
(0 0.02708149174 -0.05648485101)
(0.01 0.02708149174 -0.05648485101)
(0 0.03154620856 -0.05648485101)
(0.01 0.03154620856 -0.05648485101)
(0 0.03617681214 -0.05648485101)
(0.01 0.03617681214 -0.05648485101)
(0 0.04097946599 -0.05648485101)
(0.01 0.04097946599 -0.05648485101)
(0 0.04596056267 -0.05648485101)
(0.01 0.04596056267 -0.05648485101)
(0 0.05112673221 -0.05648485101)
(0.01 0.05112673221 -0.05648485101)
(0 0.05648485101 -0.05648485101)
(0.01 0.05648485101 -0.05648485101)
(0 0.06204205096 -0.05648485101)
(0.01 0.06204205096 -0.05648485101)
(0 0.06780572891 -0.05648485101)
(0.01 0.06780572891 -0.05648485101)
(0 0.07378355658 -0.05648485101)
(0.01 0.07378355658 -0.05648485101)
(0 0.0799834907 -0.05648485101)
(0.01 0.0799834907 -0.05648485101)
(0 0.08641378364 -0.05648485101)
(0.01 0.08641378364 -0.05648485101)
(0 0.09308299441 -0.05648485101)
(0.01 0.09308299441 -0.05648485101)
(0 0.1 -0.05648485101)
(0.01 0.1 -0.05648485101)
(0 0 -0.05112673221)
(0.01 0 -0.05112673221)
(0 0.003458502795 -0.05112673221)
(0.01 0.003458502795 -0.05112673221)
(0 0.007045506414 -0.05112673221)
(0.01 0.007045506414 -0.05112673221)
(0 0.01076578531 -0.05112673221)
(0.01 0.01076578531 -0.05112673221)
(0 0.01462429134 -0.05112673221)
(0.01 0.01462429134 -0.05112673221)
(0 0.01862616033 -0.05112673221)
(0.01 0.01862616033 -0.05112673221)
(0 0.02277671894 -0.05112673221)
(0.01 0.02277671894 -0.05112673221)
(0 0.02708149174 -0.05112673221)
(0.01 0.02708149174 -0.05112673221)
(0 0.03154620856 -0.05112673221)
(0.01 0.03154620856 -0.05112673221)
(0 0.03617681214 -0.05112673221)
(0.01 0.03617681214 -0.05112673221)
(0 0.04097946599 -0.05112673221)
(0.01 0.04097946599 -0.05112673221)
(0 0.04596056267 -0.05112673221)
(0.01 0.04596056267 -0.05112673221)
(0 0.05112673221 -0.05112673221)
(0.01 0.05112673221 -0.05112673221)
(0 0.05648485101 -0.05112673221)
(0.01 0.05648485101 -0.05112673221)
(0 0.06204205096 -0.05112673221)
(0.01 0.06204205096 -0.05112673221)
(0 0.06780572891 -0.05112673221)
(0.01 0.06780572891 -0.05112673221)
(0 0.07378355658 -0.05112673221)
(0.01 0.07378355658 -0.05112673221)
(0 0.0799834907 -0.05112673221)
(0.01 0.0799834907 -0.05112673221)
(0 0.08641378364 -0.05112673221)
(0.01 0.08641378364 -0.05112673221)
(0 0.09308299441 -0.05112673221)
(0.01 0.09308299441 -0.05112673221)
(0 0.1 -0.05112673221)
(0.01 0.1 -0.05112673221)
(0 0 -0.04596056267)
(0.01 0 -0.04596056267)
(0 0.003458502795 -0.04596056267)
(0.01 0.003458502795 -0.04596056267)
(0 0.007045506414 -0.04596056267)
(0.01 0.007045506414 -0.04596056267)
(0 0.01076578531 -0.04596056267)
(0.01 0.01076578531 -0.04596056267)
(0 0.01462429134 -0.04596056267)
(0.01 0.01462429134 -0.04596056267)
(0 0.01862616033 -0.04596056267)
(0.01 0.01862616033 -0.04596056267)
(0 0.02277671894 -0.04596056267)
(0.01 0.02277671894 -0.04596056267)
(0 0.02708149174 -0.04596056267)
(0.01 0.02708149174 -0.04596056267)
(0 0.03154620856 -0.04596056267)
(0.01 0.03154620856 -0.04596056267)
(0 0.03617681214 -0.04596056267)
(0.01 0.03617681214 -0.04596056267)
(0 0.04097946599 -0.04596056267)
(0.01 0.04097946599 -0.04596056267)
(0 0.04596056267 -0.04596056267)
(0.01 0.04596056267 -0.04596056267)
(0 0.05112673221 -0.04596056267)
(0.01 0.05112673221 -0.04596056267)
(0 0.05648485101 -0.04596056267)
(0.01 0.05648485101 -0.04596056267)
(0 0.06204205096 -0.04596056267)
(0.01 0.06204205096 -0.04596056267)
(0 0.06780572891 -0.04596056267)
(0.01 0.06780572891 -0.04596056267)
(0 0.07378355658 -0.04596056267)
(0.01 0.07378355658 -0.04596056267)
(0 0.0799834907 -0.04596056267)
(0.01 0.0799834907 -0.04596056267)
(0 0.08641378364 -0.04596056267)
(0.01 0.08641378364 -0.04596056267)
(0 0.09308299441 -0.04596056267)
(0.01 0.09308299441 -0.04596056267)
(0 0.1 -0.04596056267)
(0.01 0.1 -0.04596056267)
(0 0 -0.04097946599)
(0.01 0 -0.04097946599)
(0 0.003458502795 -0.04097946599)
(0.01 0.003458502795 -0.04097946599)
(0 0.007045506414 -0.04097946599)
(0.01 0.007045506414 -0.04097946599)
(0 0.01076578531 -0.04097946599)
(0.01 0.01076578531 -0.04097946599)
(0 0.01462429134 -0.04097946599)
(0.01 0.01462429134 -0.04097946599)
(0 0.01862616033 -0.04097946599)
(0.01 0.01862616033 -0.04097946599)
(0 0.02277671894 -0.04097946599)
(0.01 0.02277671894 -0.04097946599)
(0 0.02708149174 -0.04097946599)
(0.01 0.02708149174 -0.04097946599)
(0 0.03154620856 -0.04097946599)
(0.01 0.03154620856 -0.04097946599)
(0 0.03617681214 -0.04097946599)
(0.01 0.03617681214 -0.04097946599)
(0 0.04097946599 -0.04097946599)
(0.01 0.04097946599 -0.04097946599)
(0 0.04596056267 -0.04097946599)
(0.01 0.04596056267 -0.04097946599)
(0 0.05112673221 -0.04097946599)
(0.01 0.05112673221 -0.04097946599)
(0 0.05648485101 -0.04097946599)
(0.01 0.05648485101 -0.04097946599)
(0 0.06204205096 -0.04097946599)
(0.01 0.06204205096 -0.04097946599)
(0 0.06780572891 -0.04097946599)
(0.01 0.06780572891 -0.04097946599)
(0 0.07378355658 -0.04097946599)
(0.01 0.07378355658 -0.04097946599)
(0 0.0799834907 -0.04097946599)
(0.01 0.0799834907 -0.04097946599)
(0 0.08641378364 -0.04097946599)
(0.01 0.08641378364 -0.04097946599)
(0 0.09308299441 -0.04097946599)
(0.01 0.09308299441 -0.04097946599)
(0 0.1 -0.04097946599)
(0.01 0.1 -0.04097946599)
(0 0 -0.03617681214)
(0.01 0 -0.03617681214)
(0 0.003458502795 -0.03617681214)
(0.01 0.003458502795 -0.03617681214)
(0 0.007045506414 -0.03617681214)
(0.01 0.007045506414 -0.03617681214)
(0 0.01076578531 -0.03617681214)
(0.01 0.01076578531 -0.03617681214)
(0 0.01462429134 -0.03617681214)
(0.01 0.01462429134 -0.03617681214)
(0 0.01862616033 -0.03617681214)
(0.01 0.01862616033 -0.03617681214)
(0 0.02277671894 -0.03617681214)
(0.01 0.02277671894 -0.03617681214)
(0 0.02708149174 -0.03617681214)
(0.01 0.02708149174 -0.03617681214)
(0 0.03154620856 -0.03617681214)
(0.01 0.03154620856 -0.03617681214)
(0 0.03617681214 -0.03617681214)
(0.01 0.03617681214 -0.03617681214)
(0 0.04097946599 -0.03617681214)
(0.01 0.04097946599 -0.03617681214)
(0 0.04596056267 -0.03617681214)
(0.01 0.04596056267 -0.03617681214)
(0 0.05112673221 -0.03617681214)
(0.01 0.05112673221 -0.03617681214)
(0 0.05648485101 -0.03617681214)
(0.01 0.05648485101 -0.03617681214)
(0 0.06204205096 -0.03617681214)
(0.01 0.06204205096 -0.03617681214)
(0 0.06780572891 -0.03617681214)
(0.01 0.06780572891 -0.03617681214)
(0 0.07378355658 -0.03617681214)
(0.01 0.07378355658 -0.03617681214)
(0 0.0799834907 -0.03617681214)
(0.01 0.0799834907 -0.03617681214)
(0 0.08641378364 -0.03617681214)
(0.01 0.08641378364 -0.03617681214)
(0 0.09308299441 -0.03617681214)
(0.01 0.09308299441 -0.03617681214)
(0 0.1 -0.03617681214)
(0.01 0.1 -0.03617681214)
(0 0 -0.03154620856)
(0.01 0 -0.03154620856)
(0 0.003458502795 -0.03154620856)
(0.01 0.003458502795 -0.03154620856)
(0 0.007045506414 -0.03154620856)
(0.01 0.007045506414 -0.03154620856)
(0 0.01076578531 -0.03154620856)
(0.01 0.01076578531 -0.03154620856)
(0 0.01462429134 -0.03154620856)
(0.01 0.01462429134 -0.03154620856)
(0 0.01862616033 -0.03154620856)
(0.01 0.01862616033 -0.03154620856)
(0 0.02277671894 -0.03154620856)
(0.01 0.02277671894 -0.03154620856)
(0 0.02708149174 -0.03154620856)
(0.01 0.02708149174 -0.03154620856)
(0 0.03154620856 -0.03154620856)
(0.01 0.03154620856 -0.03154620856)
(0 0.03617681214 -0.03154620856)
(0.01 0.03617681214 -0.03154620856)
(0 0.04097946599 -0.03154620856)
(0.01 0.04097946599 -0.03154620856)
(0 0.04596056267 -0.03154620856)
(0.01 0.04596056267 -0.03154620856)
(0 0.05112673221 -0.03154620856)
(0.01 0.05112673221 -0.03154620856)
(0 0.05648485101 -0.03154620856)
(0.01 0.05648485101 -0.03154620856)
(0 0.06204205096 -0.03154620856)
(0.01 0.06204205096 -0.03154620856)
(0 0.06780572891 -0.03154620856)
(0.01 0.06780572891 -0.03154620856)
(0 0.07378355658 -0.03154620856)
(0.01 0.07378355658 -0.03154620856)
(0 0.0799834907 -0.03154620856)
(0.01 0.0799834907 -0.03154620856)
(0 0.08641378364 -0.03154620856)
(0.01 0.08641378364 -0.03154620856)
(0 0.09308299441 -0.03154620856)
(0.01 0.09308299441 -0.03154620856)
(0 0.1 -0.03154620856)
(0.01 0.1 -0.03154620856)
(0 0 -0.02708149174)
(0.01 0 -0.02708149174)
(0 0.003458502795 -0.02708149174)
(0.01 0.003458502795 -0.02708149174)
(0 0.007045506414 -0.02708149174)
(0.01 0.007045506414 -0.02708149174)
(0 0.01076578531 -0.02708149174)
(0.01 0.01076578531 -0.02708149174)
(0 0.01462429134 -0.02708149174)
(0.01 0.01462429134 -0.02708149174)
(0 0.01862616033 -0.02708149174)
(0.01 0.01862616033 -0.02708149174)
(0 0.02277671894 -0.02708149174)
(0.01 0.02277671894 -0.02708149174)
(0 0.02708149174 -0.02708149174)
(0.01 0.02708149174 -0.02708149174)
(0 0.03154620856 -0.02708149174)
(0.01 0.03154620856 -0.02708149174)
(0 0.03617681214 -0.02708149174)
(0.01 0.03617681214 -0.02708149174)
(0 0.04097946599 -0.02708149174)
(0.01 0.04097946599 -0.02708149174)
(0 0.04596056267 -0.02708149174)
(0.01 0.04596056267 -0.02708149174)
(0 0.05112673221 -0.02708149174)
(0.01 0.05112673221 -0.02708149174)
(0 0.05648485101 -0.02708149174)
(0.01 0.05648485101 -0.02708149174)
(0 0.06204205096 -0.02708149174)
(0.01 0.06204205096 -0.02708149174)
(0 0.06780572891 -0.02708149174)
(0.01 0.06780572891 -0.02708149174)
(0 0.07378355658 -0.02708149174)
(0.01 0.07378355658 -0.02708149174)
(0 0.0799834907 -0.02708149174)
(0.01 0.0799834907 -0.02708149174)
(0 0.08641378364 -0.02708149174)
(0.01 0.08641378364 -0.02708149174)
(0 0.09308299441 -0.02708149174)
(0.01 0.09308299441 -0.02708149174)
(0 0.1 -0.02708149174)
(0.01 0.1 -0.02708149174)
(0 0 -0.02277671894)
(0.01 0 -0.02277671894)
(0 0.003458502795 -0.02277671894)
(0.01 0.003458502795 -0.02277671894)
(0 0.007045506414 -0.02277671894)
(0.01 0.007045506414 -0.02277671894)
(0 0.01076578531 -0.02277671894)
(0.01 0.01076578531 -0.02277671894)
(0 0.01462429134 -0.02277671894)
(0.01 0.01462429134 -0.02277671894)
(0 0.01862616033 -0.02277671894)
(0.01 0.01862616033 -0.02277671894)
(0 0.02277671894 -0.02277671894)
(0.01 0.02277671894 -0.02277671894)
(0 0.02708149174 -0.02277671894)
(0.01 0.02708149174 -0.02277671894)
(0 0.03154620856 -0.02277671894)
(0.01 0.03154620856 -0.02277671894)
(0 0.03617681214 -0.02277671894)
(0.01 0.03617681214 -0.02277671894)
(0 0.04097946599 -0.02277671894)
(0.01 0.04097946599 -0.02277671894)
(0 0.04596056267 -0.02277671894)
(0.01 0.04596056267 -0.02277671894)
(0 0.05112673221 -0.02277671894)
(0.01 0.05112673221 -0.02277671894)
(0 0.05648485101 -0.02277671894)
(0.01 0.05648485101 -0.02277671894)
(0 0.06204205096 -0.02277671894)
(0.01 0.06204205096 -0.02277671894)
(0 0.06780572891 -0.02277671894)
(0.01 0.06780572891 -0.02277671894)
(0 0.07378355658 -0.02277671894)
(0.01 0.07378355658 -0.02277671894)
(0 0.0799834907 -0.02277671894)
(0.01 0.0799834907 -0.02277671894)
(0 0.08641378364 -0.02277671894)
(0.01 0.08641378364 -0.02277671894)
(0 0.09308299441 -0.02277671894)
(0.01 0.09308299441 -0.02277671894)
(0 0.1 -0.02277671894)
(0.01 0.1 -0.02277671894)
(0 0 -0.01862616033)
(0.01 0 -0.01862616033)
(0 0.003458502795 -0.01862616033)
(0.01 0.003458502795 -0.01862616033)
(0 0.007045506414 -0.01862616033)
(0.01 0.007045506414 -0.01862616033)
(0 0.01076578531 -0.01862616033)
(0.01 0.01076578531 -0.01862616033)
(0 0.01462429134 -0.01862616033)
(0.01 0.01462429134 -0.01862616033)
(0 0.01862616033 -0.01862616033)
(0.01 0.01862616033 -0.01862616033)
(0 0.02277671894 -0.01862616033)
(0.01 0.02277671894 -0.01862616033)
(0 0.02708149174 -0.01862616033)
(0.01 0.02708149174 -0.01862616033)
(0 0.03154620856 -0.01862616033)
(0.01 0.03154620856 -0.01862616033)
(0 0.03617681214 -0.01862616033)
(0.01 0.03617681214 -0.01862616033)
(0 0.04097946599 -0.01862616033)
(0.01 0.04097946599 -0.01862616033)
(0 0.04596056267 -0.01862616033)
(0.01 0.04596056267 -0.01862616033)
(0 0.05112673221 -0.01862616033)
(0.01 0.05112673221 -0.01862616033)
(0 0.05648485101 -0.01862616033)
(0.01 0.05648485101 -0.01862616033)
(0 0.06204205096 -0.01862616033)
(0.01 0.06204205096 -0.01862616033)
(0 0.06780572891 -0.01862616033)
(0.01 0.06780572891 -0.01862616033)
(0 0.07378355658 -0.01862616033)
(0.01 0.07378355658 -0.01862616033)
(0 0.0799834907 -0.01862616033)
(0.01 0.0799834907 -0.01862616033)
(0 0.08641378364 -0.01862616033)
(0.01 0.08641378364 -0.01862616033)
(0 0.09308299441 -0.01862616033)
(0.01 0.09308299441 -0.01862616033)
(0 0.1 -0.01862616033)
(0.01 0.1 -0.01862616033)
(0 0 -0.01462429134)
(0.01 0 -0.01462429134)
(0 0.003458502795 -0.01462429134)
(0.01 0.003458502795 -0.01462429134)
(0 0.007045506414 -0.01462429134)
(0.01 0.007045506414 -0.01462429134)
(0 0.01076578531 -0.01462429134)
(0.01 0.01076578531 -0.01462429134)
(0 0.01462429134 -0.01462429134)
(0.01 0.01462429134 -0.01462429134)
(0 0.01862616033 -0.01462429134)
(0.01 0.01862616033 -0.01462429134)
(0 0.02277671894 -0.01462429134)
(0.01 0.02277671894 -0.01462429134)
(0 0.02708149174 -0.01462429134)
(0.01 0.02708149174 -0.01462429134)
(0 0.03154620856 -0.01462429134)
(0.01 0.03154620856 -0.01462429134)
(0 0.03617681214 -0.01462429134)
(0.01 0.03617681214 -0.01462429134)
(0 0.04097946599 -0.01462429134)
(0.01 0.04097946599 -0.01462429134)
(0 0.04596056267 -0.01462429134)
(0.01 0.04596056267 -0.01462429134)
(0 0.05112673221 -0.01462429134)
(0.01 0.05112673221 -0.01462429134)
(0 0.05648485101 -0.01462429134)
(0.01 0.05648485101 -0.01462429134)
(0 0.06204205096 -0.01462429134)
(0.01 0.06204205096 -0.01462429134)
(0 0.06780572891 -0.01462429134)
(0.01 0.06780572891 -0.01462429134)
(0 0.07378355658 -0.01462429134)
(0.01 0.07378355658 -0.01462429134)
(0 0.0799834907 -0.01462429134)
(0.01 0.0799834907 -0.01462429134)
(0 0.08641378364 -0.01462429134)
(0.01 0.08641378364 -0.01462429134)
(0 0.09308299441 -0.01462429134)
(0.01 0.09308299441 -0.01462429134)
(0 0.1 -0.01462429134)
(0.01 0.1 -0.01462429134)
(0 0 -0.01076578531)
(0.01 0 -0.01076578531)
(0 0.003458502795 -0.01076578531)
(0.01 0.003458502795 -0.01076578531)
(0 0.007045506414 -0.01076578531)
(0.01 0.007045506414 -0.01076578531)
(0 0.01076578531 -0.01076578531)
(0.01 0.01076578531 -0.01076578531)
(0 0.01462429134 -0.01076578531)
(0.01 0.01462429134 -0.01076578531)
(0 0.01862616033 -0.01076578531)
(0.01 0.01862616033 -0.01076578531)
(0 0.02277671894 -0.01076578531)
(0.01 0.02277671894 -0.01076578531)
(0 0.02708149174 -0.01076578531)
(0.01 0.02708149174 -0.01076578531)
(0 0.03154620856 -0.01076578531)
(0.01 0.03154620856 -0.01076578531)
(0 0.03617681214 -0.01076578531)
(0.01 0.03617681214 -0.01076578531)
(0 0.04097946599 -0.01076578531)
(0.01 0.04097946599 -0.01076578531)
(0 0.04596056267 -0.01076578531)
(0.01 0.04596056267 -0.01076578531)
(0 0.05112673221 -0.01076578531)
(0.01 0.05112673221 -0.01076578531)
(0 0.05648485101 -0.01076578531)
(0.01 0.05648485101 -0.01076578531)
(0 0.06204205096 -0.01076578531)
(0.01 0.06204205096 -0.01076578531)
(0 0.06780572891 -0.01076578531)
(0.01 0.06780572891 -0.01076578531)
(0 0.07378355658 -0.01076578531)
(0.01 0.07378355658 -0.01076578531)
(0 0.0799834907 -0.01076578531)
(0.01 0.0799834907 -0.01076578531)
(0 0.08641378364 -0.01076578531)
(0.01 0.08641378364 -0.01076578531)
(0 0.09308299441 -0.01076578531)
(0.01 0.09308299441 -0.01076578531)
(0 0.1 -0.01076578531)
(0.01 0.1 -0.01076578531)
(0 0 -0.007045506414)
(0.01 0 -0.007045506414)
(0 0.003458502795 -0.007045506414)
(0.01 0.003458502795 -0.007045506414)
(0 0.007045506414 -0.007045506414)
(0.01 0.007045506414 -0.007045506414)
(0 0.01076578531 -0.007045506414)
(0.01 0.01076578531 -0.007045506414)
(0 0.01462429134 -0.007045506414)
(0.01 0.01462429134 -0.007045506414)
(0 0.01862616033 -0.007045506414)
(0.01 0.01862616033 -0.007045506414)
(0 0.02277671894 -0.007045506414)
(0.01 0.02277671894 -0.007045506414)
(0 0.02708149174 -0.007045506414)
(0.01 0.02708149174 -0.007045506414)
(0 0.03154620856 -0.007045506414)
(0.01 0.03154620856 -0.007045506414)
(0 0.03617681214 -0.007045506414)
(0.01 0.03617681214 -0.007045506414)
(0 0.04097946599 -0.007045506414)
(0.01 0.04097946599 -0.007045506414)
(0 0.04596056267 -0.007045506414)
(0.01 0.04596056267 -0.007045506414)
(0 0.05112673221 -0.007045506414)
(0.01 0.05112673221 -0.007045506414)
(0 0.05648485101 -0.007045506414)
(0.01 0.05648485101 -0.007045506414)
(0 0.06204205096 -0.007045506414)
(0.01 0.06204205096 -0.007045506414)
(0 0.06780572891 -0.007045506414)
(0.01 0.06780572891 -0.007045506414)
(0 0.07378355658 -0.007045506414)
(0.01 0.07378355658 -0.007045506414)
(0 0.0799834907 -0.007045506414)
(0.01 0.0799834907 -0.007045506414)
(0 0.08641378364 -0.007045506414)
(0.01 0.08641378364 -0.007045506414)
(0 0.09308299441 -0.007045506414)
(0.01 0.09308299441 -0.007045506414)
(0 0.1 -0.007045506414)
(0.01 0.1 -0.007045506414)
(0 0 -0.003458502795)
(0.01 0 -0.003458502795)
(0 0.003458502795 -0.003458502795)
(0.01 0.003458502795 -0.003458502795)
(0 0.007045506414 -0.003458502795)
(0.01 0.007045506414 -0.003458502795)
(0 0.01076578531 -0.003458502795)
(0.01 0.01076578531 -0.003458502795)
(0 0.01462429134 -0.003458502795)
(0.01 0.01462429134 -0.003458502795)
(0 0.01862616033 -0.003458502795)
(0.01 0.01862616033 -0.003458502795)
(0 0.02277671894 -0.003458502795)
(0.01 0.02277671894 -0.003458502795)
(0 0.02708149174 -0.003458502795)
(0.01 0.02708149174 -0.003458502795)
(0 0.03154620856 -0.003458502795)
(0.01 0.03154620856 -0.003458502795)
(0 0.03617681214 -0.003458502795)
(0.01 0.03617681214 -0.003458502795)
(0 0.04097946599 -0.003458502795)
(0.01 0.04097946599 -0.003458502795)
(0 0.04596056267 -0.003458502795)
(0.01 0.04596056267 -0.003458502795)
(0 0.05112673221 -0.003458502795)
(0.01 0.05112673221 -0.003458502795)
(0 0.05648485101 -0.003458502795)
(0.01 0.05648485101 -0.003458502795)
(0 0.06204205096 -0.003458502795)
(0.01 0.06204205096 -0.003458502795)
(0 0.06780572891 -0.003458502795)
(0.01 0.06780572891 -0.003458502795)
(0 0.07378355658 -0.003458502795)
(0.01 0.07378355658 -0.003458502795)
(0 0.0799834907 -0.003458502795)
(0.01 0.0799834907 -0.003458502795)
(0 0.08641378364 -0.003458502795)
(0.01 0.08641378364 -0.003458502795)
(0 0.09308299441 -0.003458502795)
(0.01 0.09308299441 -0.003458502795)
(0 0.1 -0.003458502795)
(0.01 0.1 -0.003458502795)
)


// ************************************************************************* //
